W-1_RB4_6+F 59 20.3833 247.683
W-1_RB4_6+F 61 20.3833 286.952
W-1_RB4_6+F 62 20.3833 271.059
W-1_RB4_6+F 64 20.3833 295.523
W-1_RB4_6+F 65 28.8 447.809
W-1_RB4_6+F 66 28.8 424.528
W-1_RB4_6+F 69 28.8 434.886
W-1_RB4_6+F 71 27.45 452.627
W-1_RB4_6+F 73 20.3833 234.902
W-1_RB4_6+F 74 20.3833 223.827
W-1_RB4_6+F 75 20.3833 203.448
W-1_RB4_6+F 76 20.3833 192.737
W-1_RB4_6+F 77 20.3833 230.923
W-1_RB4_6+F 78 20.3833 216.319
W-1_RB4_6+F 79 20.3833 240.666
W-1_RB4_6+F 80 20.3833 256.264
W-1_RB4_6+F 82 20.3833 268.27
W-1_RB4_6+F 83 20.3833 239.284
W-1_RB4_6+F 84 20.3833 290.236
W-1_RB4_6+F 85 20.3833 276.645
W-1_RB4_6+F 86 20.3833 235.298
W-1_RB4_6+F 87 20.3833 242.301
W-1_RB4_6+F 88 20.3833 219.479
W-1_RB4_6+F 89 20.3833 241.619
W-1_RB4_6+F 90 20.3833 214.973
W-1_RB4_6+F 91 20.3833 207.869
W-1_RB4_6+F 93 20.3833 177.782
W-1_RB4_6+F 94 20.3833 136.035
W-1_RB4_6+F 96 20.3833 158.279
W-1_RB4_6+B 49 29.0167 1132.5
W-1_RB4_6+B 50 20.6 110.907
W-1_RB4_6+B 51 29.0167 500.008
W-1_RB4_6+B 52 29.0167 1835.22
W-1_RB4_6+B 53 29.0167 570.836
W-1_RB4_6+B 54 29.0167 715.901
W-1_RB4_6+B 55 29.0167 395.695
W-1_RB4_6+B 56 29.0167 345.76
W-1_RB4_6+B 57 20.6 223.547
W-1_RB4_6+B 58 20.6 232.233
W-1_RB4_6+B 59 20.6 231.736
W-1_RB4_6+B 60 20.6 232.892
W-1_RB4_6+B 61 20.6 226.097
W-1_RB4_6+B 62 20.6 237.16
W-1_RB4_6+B 63 20.6 237.648
W-1_RB4_6+B 64 20.6 234.693
W-1_RB4_6+B 68 20.6 319.56
W-1_RB4_6+B 69 25.85 339.058
W-1_RB4_6+B 74 20.6 293.147
W-1_RB4_6+B 75 20.6 282.76
W-1_RB4_6+B 76 20.6 276.567
W-1_RB4_6+B 77 20.6 267.13
W-1_RB4_6+B 78 20.6 343.61
W-1_RB4_6+B 79 20.6 335.339
W-1_RB4_6+B 80 26.3833 376.526
W-1_RB4_6+B 81 20.6 281.22
W-1_RB4_6+B 82 20.6 281.124
W-1_RB4_6+B 83 20.6 280.609
W-1_RB4_6+B 84 20.6 250.32
W-1_RB4_6+B 85 20.6 257.114
W-1_RB4_6+B 86 20.6 264.883
W-1_RB4_6+B 87 20.6 280.142
W-1_RB4_6+B 88 20.6 265.849
W-1_RB4_6+B 89 20.6 273.604
W-1_RB4_6+B 90 24.55 316.855
W-1_RB4_6+B 91 21.9333 372.405
W-1_RB4_6+B 92 20.6 283.702
W-1_RB4_6+B 93 25.1167 415.665
W-1_RB4_6+B 94 25.9167 331.79
W-1_RB4_6+B 95 29.0167 312.292
W-1_RB4_6+B 96 20.6 289.627
W+1_RB3_1F 95 26.1 247.18
W+1_RB1out_11B 2 33.9 219.727
W0_RB3_8B 2 32.2833 182.059
W+1_RB2in_4B 9 16.6833 1139.48
W+1_RB2in_4B 12 15.7 1569.51
W+1_RB2in_4B 19 19.4333 1190.44
W+1_RB2in_4B 85 18.3 4366.39
W+1_RB2in_4B 86 22.55 5167.57
W+1_RB1in_6F 66 28.7667 12907.4
W+1_RB1in_6F 67 20.85 1519.79
W+1_RB1in_6F 68 22.3333 2965.08
W+1_RB1in_6F 69 23.6833 2923.27
W+1_RB1in_6F 70 20.85 1959.91
W+1_RB1in_6F 71 23.0667 6213.93
W+1_RB1in_6F 72 20.5333 558.211
W+1_RB1out_7B 2 30.5833 334.848
W+1_RB3_8F 2 30.9667 129.92
W+1_RB3_8B 2 31.25 381.404
W+2_RB4_7+B 14 15.1333 82.4041
W+2_RB4_7+B 15 15.1333 80.2088
W+2_RB1out_8B 51 33.5833 223.51
W+2_RB1out_8B 52 33.5833 202.871
W+2_RB1out_8B 54 25.3167 179.422
W+2_RB2out_3B 38 22 805.957
W+2_RB2out_3B 39 33.5333 1126.02
W+2_RB2out_3B 55 26.4 946.445
W+2_RB2out_3B 73 19.05 525.549
W+2_RB2out_3B 74 23.9333 698.927
W+2_RB2out_3B 75 26.3333 555.045
W+2_RB2out_3B 76 26.3333 619.905
W+2_RB2out_3B 77 27.75 1189.29
W+2_RB2out_3B 78 24.8833 986.069
W+2_RB2out_3B 80 21.95 387.621
W+2_RB2out_3B 91 28.1667 4878.23
W+2_RB2out_3B 94 22.65 3925.7
W+2_RB2out_3B 95 24.9167 2766.16
W+2_RB2out_3B 96 29.25 1359.69
W-2_RB3_4F 46 24.0333 85.0548
W-2_RB4_5+F 10 24.9667 263.635
W-2_RB4_5+F 11 18.8 236.851
W-2_RB4_5+F 12 25.6333 300.668
W-2_RB4_5+F 13 25.6333 390.77
W-2_RB4_5+F 14 25.6333 428.98
W-2_RB4_5+F 15 25.6333 538.311
W-2_RB4_5+F 16 25.6333 523.412
W-2_RB4_5+F 17 25.6333 464.063
W-2_RB4_5+F 18 25.6333 530.524
W-2_RB4_5+F 19 25.6333 571.308
W-2_RB4_5+F 20 25.6333 486.173
W-2_RB4_5+F 21 25.6333 518.335
W-2_RB4_5+F 22 25.6333 426.604
W-2_RB4_5+F 23 25.6333 571.988
W-2_RB4_5+F 24 25.6333 358.801
W-2_RB4_5+F 25 25.6333 650.407
W-2_RB4_5+F 26 25.6333 634.509
W-2_RB4_5+F 27 25.6333 575.38
W-2_RB4_5+F 28 25.6333 625.709
W-2_RB4_5+F 29 25.6333 527.509
W-2_RB4_5+F 30 25.6333 632.044
W-2_RB4_5+F 31 25.6333 649.186
W-2_RB4_5+F 32 25.6333 586.244
W-2_RB4_5+F 33 25.6333 621.028
W-2_RB4_5+F 34 25.6333 605.694
W-2_RB4_5+F 35 25.6333 668.889
W-2_RB4_5+F 36 25.6333 575.147
W-2_RB4_5+F 37 25.6333 583.067
W-2_RB4_5+F 38 25.6333 618.095
W-2_RB4_5+F 39 25.6333 610.861
W-2_RB4_5+F 40 25.6333 613.5
W-2_RB4_5+F 41 25.6333 568.793
W-2_RB4_5+F 42 25.6333 544.663
W-2_RB4_5+F 43 25.6333 518.611
W-2_RB4_5+F 44 25.6333 512.473
W-2_RB4_5+F 45 25.6333 499.76
W-2_RB4_5+F 46 25.6333 407.629
W-2_RB4_5+B 5 25.9 223.588
W-2_RB4_5+B 6 25.9 437.626
W-2_RB4_5+B 7 25.9 451.87
W-2_RB4_5+B 8 25.9 510.53
W-2_RB4_5+B 9 25.9 703.175
W-2_RB4_5+B 10 25.9 606.009
W-2_RB4_5+B 11 25.9 672.58
W-2_RB4_5+B 12 25.9 589.6
W-2_RB4_5+B 13 25.9 710.164
W-2_RB4_5+B 14 25.9 702.727
W-2_RB4_5+B 15 25.9 678.413
W-2_RB4_5+B 16 25.9 642.229
W-2_RB4_5+B 17 25.9 694.265
W-2_RB4_5+B 18 25.9 700.283
W-2_RB4_5+B 19 25.9 722.538
W-2_RB4_5+B 20 25.9 669.233
W-2_RB4_5+B 21 25.9 738.307
W-2_RB4_5+B 22 25.9 715.88
W-2_RB4_5+B 23 25.9 720.293
W-2_RB4_5+B 24 25.9 676.062
W-2_RB4_5+B 25 25.9 730.211
W-2_RB4_5+B 26 25.9 740.745
W-2_RB4_5+B 27 25.9 691.803
W-2_RB4_5+B 28 25.9 748.401
W-2_RB4_5+B 29 25.9 712.485
W-2_RB4_5+B 30 25.9 744.156
W-2_RB4_5+B 31 25.9 747.496
W-2_RB4_5+B 32 25.9 737.438
W-2_RB4_5+B 33 25.9 719.422
W-2_RB4_5+B 34 25.9 670.486
W-2_RB4_5+B 35 25.9 669.808
W-2_RB4_5+B 36 25.9 611.915
W-2_RB4_5+B 37 25.9 551.828
W-2_RB4_5+B 38 25.9 670.165
W-2_RB4_5+B 39 25.9 608.404
W-2_RB4_5+B 40 25.9 569.583
W-2_RB4_5+B 41 25.9 696.744
W-2_RB4_5+B 42 25.9 567.031
W-2_RB4_5+B 43 25.9 707.273
W-2_RB4_5+B 44 25.9 610.453
W-2_RB4_5+B 45 25.9 686.798
W-2_RB4_5+B 46 25.9 697.671
W-2_RB4_5+B 47 25.9 629.089
W-2_RB4_5+B 48 25.9 563.862
W-2_RB4_8+B 49 21.5 85.0256
W-2_RB4_3+F 89 15.95 85.7895
W-2_RB4_3+B 73 17.6167 127.744
W-2_RB4_3+B 74 17.6167 128.086
W-2_RB4_3+B 75 17.6167 133.67
W-2_RB4_3+B 76 17.6167 129.243
W-2_RB4_3+B 77 17.6167 127.912
W-2_RB4_3+B 78 17.6167 122.966
W-2_RB4_3+B 79 17.6167 121.937
W-2_RB4_3+B 80 17.6167 128.466
W-2_RB4_3+B 81 17.6167 109.432
W-2_RB4_3+B 82 17.6167 107.519
W-2_RB4_3+B 83 17.6167 109.467
W-2_RB4_3+B 84 17.6167 108.439
W-2_RB4_3+B 85 17.6167 104.152
W-2_RB4_3+B 86 17.6167 104.765
W-2_RB4_3+B 87 17.6167 98.4992
W-2_RB4_3+B 88 17.6167 95.27
W-2_RB4_3+B 89 17.6167 101.204
W-2_RB4_3+B 90 17.6167 100.937
W-1_RB3_11F 35 19.7167 1359.5
RE-1_2_29 17 41 534.676
RE-4_2_35 40 18.0333 724.597
RE-4_3_26 12 21.8167 434.7
RE+4_3_22 2 21.4 810.655
RE+4_3_22 3 24.4667 1062.91
RE+4_3_22 4 21.85 1154.14
RE+4_3_22 5 23.1667 993.335
RE+4_3_22 6 24.5 1458.16
RE+4_3_22 8 21.85 1232.65
RE+4_2_08 10 22.1833 1159.78
