322355  -61876049587
RE+1_2_36 0 0 0 0 91007.3 7.73401
RE+1_2_01 0 2 0 0 74505.2 6.33163
RE+1_2_02 0 0 0 0 97762.4 8.30808
RE+1_3_36 0 0 0 0 27273.7 1.52309
RE+1_3_01 0 0 0 0 35273.4 1.96983
RE+1_3_02 0 0 0 0 60320.6 3.36858
RE+2_2_02 0 0 0 0 147956 12.4702
RE+2_2_03 0 0 0 0 147545 12.4356
RE+2_2_04 1 0 0 0 147470 12.4293
RE+2_3_02 0 0 0 0 63189.7 3.20643
RE+2_3_03 0 0 0 0 70839.2 3.59459
RE+2_3_04 0 0 0 0 71015.8 3.60355
RE+1_2_03 0 0 0 0 70511.1 5.9922
RE+1_2_04 0 1 0 0 126893 10.7837
RE+1_2_05 0 0 0 0 63252.2 5.37532
RE+1_3_03 0 0 0 0 35013.5 1.95532
RE+1_3_04 9 0 0 0 47226.6 2.63735
RE+1_3_05 0 0 0 0 49100.2 2.74198
RE+2_2_05 0 0 0 0 163905 13.8145
RE+2_2_06 0 0 0 0 162219 13.6724
RE+2_2_07 0 0 0 0 157551 13.279
RE+2_3_05 0 0 0 0 78592 3.98798
RE+2_3_06 0 0 0 0 70315.8 3.56803
RE+2_3_07 0 0 0 0 79077.2 4.0126
RE+1_1_03 0 0 0 0 98747 58.22
RE+1_1_04 0 0 0 0 160733 94.7663
RE+1_2_06 8 0 0 0 106466 9.04772
RE+1_2_07 0 0 0 0 67320.9 5.72109
RE+1_2_08 0 1 0 0 77235 6.56361
RE+1_3_06 0 0 0 0 41162.7 2.29871
RE+1_3_07 0 0 0 0 56707.6 3.16681
RE+1_3_08 0 0 0 0 44189 2.46772
RE+1_1_01 0 0 0 0 261657 154.27
RE+1_1_02 1 1 0 0 127129 74.9538
RE+2_2_08 0 0 0 0 153688 12.9533
RE+2_2_09 0 0 0 0 160259 13.5072
RE+2_2_10 0 0 0 0 183489 15.4651
RE+2_3_08 2 0 0 0 68464 3.47406
RE+2_3_09 0 0 0 0 85827.8 4.35515
RE+2_3_10 0 0 0 0 84408.5 4.28313
RE+1_2_27 0 0 0 0 83359.4 7.08407
RE+1_2_28 0 0 0 0 79695.3 6.7727
RE+1_2_29 0 4 0 0 91808 7.80206
RE+1_3_27 0 0 0 0 16871 0.942153
RE+1_3_28 0 0 0 0 14156.1 0.790544
RE+1_3_29 0 4 0 0 47461.2 2.65045
RE+2_2_29 0 0 0 0 147812 12.4581
RE+2_2_30 0 0 0 0 174034 14.6682
RE+2_2_31 0 0 0 0 155451 13.102
RE+2_3_29 0 0 0 0 42904.7 2.17711
RE+2_3_30 0 0 0 0 84413.9 4.2834
RE+2_3_31 0 0 0 0 75660.2 3.83922
RE+1_2_30 0 0 0 0 69477.9 5.9044
RE+1_2_31 0 0 0 0 78281.5 6.65255
RE+1_2_32 0 0 0 0 44756.9 3.80355
RE+1_3_30 0 0 0 0 14897.4 0.831941
RE+1_3_31 0 0 0 0 16099.8 0.899088
RE+1_3_32 0 0 0 0 29674 1.65713
RE+2_2_32 0 0 0 0 132862 11.1981
RE+2_2_33 0 0 0 0 165338 13.9352
RE+2_2_34 0 0 0 0 155822 13.1332
RE+2_3_32 0 0 0 0 69269.5 3.51494
RE+2_3_33 0 0 0 0 44986.4 2.28274
RE+2_3_34 0 0 0 0 65769.7 3.33734
RE+1_2_33 0 0 0 0 88371.1 7.50998
RE+1_2_34 2 1 0 0 112281 9.5419
RE+1_2_35 95 0 1 0 0 0
RE+1_3_33 0 0 0 0 77904.1 4.35052
RE+1_3_34 0 0 0 0 25565.1 1.42767
RE+1_3_35 0 0 0 0 26367 1.47246
RE+2_2_35 0 0 0 0 150575 12.691
RE+2_2_36 0 0 0 0 116596 9.82713
RE+2_2_01 1 1 0 0 111895 9.43092
RE+2_3_35 0 0 0 0 69647.5 3.53412
RE+2_3_36 0 0 0 0 58282.6 2.95743
RE+2_3_01 1 0 0 0 62841.4 3.18876
