322355  -61876049587
W-1_RB4_4+F 64 0 8 0 0 0
W-1_RB4_4-F 1 0 0 0 385552 20.8073
W-1_RB3_4F 0 0 0 0 82527.1 4.4538
W-1_RB4_4+B 59 1 13 0 0 0
W-1_RB4_4-B 0 0 0 0 409644 23.6772
W-1_RB3_4B 0 0 0 0 72029.9 4.16329
W-1_RB2in_4F 0 0 0 0 43877.4 2.07658
W-1_RB2in_4C 0 0 0 0 18555.1 0.942303
W-1_RB2in_4B 0 0 0 0 13429.1 0.704155
W-1_RB2out_4F 8 18 62 0 0 0
W-1_RB1out_4F 0 0 0 0 98778.7 3.82994
W-1_RB1in_4F 2 0 0 0 286852 11.1221
W-1_RB2out_4B 20 14 54 0 0 0
W-1_RB1out_4B 0 0 0 0 428.941 0.0178121
W-1_RB1in_4B 1 0 0 0 162287 6.73912
W-1_RB4_5+F 0 16 83 0 0 0
W-1_RB3_5F 0 0 0 0 19561.1 1.05567
W-1_RB4_5+B 12 0 84 0 0 0
W-1_RB3_5B 1 0 0 0 19276 1.11414
W-1_RB2in_5F 0 1 0 0 32525.9 1.53935
W-1_RB2in_5C 0 0 0 0 20051.5 1.0183
W-1_RB2in_5B 0 0 0 0 12967.7 0.679965
W-1_RB2out_5F 0 0 0 0 43587.9 1.40382
W-1_RB1out_5F 0 0 0 0 170610 6.61506
W-1_RB1in_5F 0 0 0 0 200991 7.79302
W-1_RB2out_5B 0 0 0 0 27205.4 0.938403
W-1_RB1out_5B 0 0 0 0 113868 4.72847
W-1_RB1in_5B 0 0 0 0 115511 4.79667
W-1_RB4_6+F 0 19 0 29 2.97734e+06 120.104
W-1_RB3_6F 0 0 0 0 9610.02 0.518631
W-1_RB4_6+B 0 7 0 41 5.34259e+06 230.819
W-1_RB3_6B 1 1 1 0 7616.07 0.440205
W-1_RB2in_6F 0 0 0 0 59261.4 2.80466
W-1_RB2in_6C 0 0 0 0 63837.7 3.24194
W-1_RB2in_6B 8 0 0 0 36726.8 1.92577
W-1_RB2out_6F 0 0 0 0 37098.5 1.19482
W-1_RB1out_6F 0 0 0 0 212819 8.25163
W-1_RB1in_6F 0 0 0 0 229065 8.88151
W-1_RB2out_6B 0 1 0 0 29743.5 1.02595
W-1_RB1out_6B 1 0 0 0 91921.7 3.81712
W-1_RB1in_6B 0 0 0 0 132721 5.51133
W-1_RB4_7+F 0 64 82 0 0 0
W-1_RB3_7F 0 0 0 0 10516.7 0.567561
W-1_RB4_7+B 0 35 95 0 0 0
W-1_RB3_7B 0 0 0 0 12681.5 0.732982
W-1_RB2in_7F 0 0 0 0 28050.9 1.32757
W-1_RB2in_7C 0 0 0 0 17159.8 0.871447
W-1_RB2in_7B 1 0 0 0 10197.8 0.534724
W-1_RB2out_7F 84 0 0 0 30.6128 0.000985931
W-1_RB1out_7F 0 0 0 0 186496 7.23101
W-1_RB1in_7F 0 0 0 0 178619 6.92558
W-1_RB2out_7B 84 0 0 0 2.84926 9.82801e-05
W-1_RB1out_7B 0 0 0 0 122031 5.06745
W-1_RB1in_7B 0 0 0 0 112682 4.6792
W-1_RB4_8+F 1 3 81 0 0 0
W-1_RB3_8F 1 0 0 0 24060 1.29846
W-1_RB4_8+B 0 11 74 0 0 0
W-1_RB3_8B 0 0 0 0 13676.2 0.790477
W-1_RB2in_8F 0 1 0 0 38613 1.82743
W-1_RB2in_8C 0 0 0 0 34797.9 1.76718
W-1_RB2in_8B 1 0 0 0 26939.3 1.41256
W-1_RB2out_8F 0 0 0 0 68817.5 2.21637
W-1_RB1out_8F 0 1 0 0 172246 6.67848
W-1_RB1in_8F 0 0 0 0 253119 9.81417
W-1_RB2out_8B 0 4 0 0 31839.2 1.09824
W-1_RB1out_8B 0 0 0 0 143105 5.94257
W-1_RB1in_8B 8 1 0 0 127336 5.28774
W-1_RB4_9F 0 0 0 0 20899.7 0.843085
W-1_RB3_9F 0 10 10 0 10342.4 0.558156
W-1_RB4_9B 1 0 0 0 19743.2 0.852977
W-1_RB3_9B 1 0 0 0 12915.9 0.746533
W-1_RB2in_9F 0 0 0 0 39031.9 1.84726
W-1_RB2in_9C 1 3 0 0 28773.6 1.46124
W-1_RB2in_9B 0 0 0 0 16713.7 0.876385
W-1_RB2out_9F 0 0 0 0 39020.1 1.2567
W-1_RB1out_9F 0 0 0 0 249596 9.67758
W-1_RB1in_9F 0 0 0 0 257106 9.96875
W-1_RB2out_9B 0 1 0 0 22107.1 0.762545
W-1_RB1out_9B 0 0 0 0 149813 6.22112
W-1_RB1in_9B 0 0 0 0 132624 5.50732
