322355  -61876049587
RE+4_2_09 0 0 0 0 445819 37.5751
RE+4_2_10 0 0 0 0 438763 36.9805
RE+4_2_11 0 0 0 0 356617 30.0569
RE+4_3_09 0 2 0 0 555384 28.1818
RE+4_3_10 0 1 0 0 558397 28.3347
RE+4_3_11 0 0 0 0 520611 26.4173
RE+4_2_12 0 1 0 0 369253 31.1219
RE+4_2_13 0 0 0 0 409271 34.4948
RE+4_2_14 0 1 0 0 412322 34.7519
RE+4_3_12 0 0 0 0 451580 22.9145
RE+4_3_13 0 0 0 0 435172 22.0819
RE+4_3_14 4 0 0 0 357369 18.1339
RE+4_2_15 0 1 0 0 293794 24.762
RE+4_2_16 0 0 0 0 305352 25.7361
RE+4_2_17 0 0 0 0 231693 19.5279
RE+4_3_15 0 0 0 0 294150 14.926
RE+4_3_16 0 0 0 0 400474 20.3212
RE+4_3_17 0 0 0 0 324867 16.4847
RE+4_2_18 0 0 0 0 274311 23.1199
RE+4_2_19 0 1 0 0 253689 21.3818
RE+4_2_20 0 0 0 0 264517 22.2944
RE+4_3_18 0 0 0 0 390672 19.8238
RE+4_3_19 0 0 0 0 369125 18.7305
RE+4_3_20 1 0 0 0 369961 18.7729
RE+4_2_21 0 0 0 0 315774 26.6146
RE+4_2_22 96 0 0 0 0 0
RE+4_2_23 2 5 0 0 166148 14.0036
RE+4_3_21 0 0 0 0 372807 18.9173
RE+4_3_22 16 0 0 6 802098 40.7008
RE+4_3_23 0 0 0 0 214888 10.9041
RE+4_2_24 96 0 0 0 0 0
RE+4_2_25 0 0 0 0 314938 26.5441
RE+4_2_26 0 0 0 0 269244 22.6929
RE+4_3_24 0 0 0 0 184628 9.36856
RE+4_3_25 0 0 0 0 180470 9.15759
RE+4_3_26 0 0 0 0 259036 13.1442
RE+3_2_09 0 0 0 0 182766 15.4041
RE+3_2_10 0 0 0 0 206578 17.4111
RE+3_2_11 0 0 0 0 198626 16.7409
RE+3_3_09 0 0 0 0 159804 8.1089
RE+3_3_10 0 0 0 0 190842 9.6839
RE+3_3_11 0 0 0 0 180595 9.16392
RE+3_2_12 0 1 0 0 147874 12.4634
RE+3_2_13 0 0 0 0 179494 15.1283
RE+3_2_14 0 0 0 0 214930 18.1151
RE+3_3_12 0 0 0 0 181872 9.22869
RE+3_3_13 0 0 0 0 157344 7.98407
RE+3_3_14 0 0 0 0 124818 6.33365
RE+3_2_15 0 0 0 0 187451 15.799
RE+3_2_16 0 0 0 0 212106 17.8771
RE+3_2_17 0 0 0 0 212646 17.9225
RE+3_3_15 0 0 0 0 145424 7.37926
RE+3_3_16 1 0 0 0 166439 8.44559
RE+3_3_17 0 0 0 0 158602 8.04792
RE+3_2_18 0 0 0 0 179631 15.14
RE+3_2_19 0 0 0 0 198493 16.7297
RE+3_2_20 0 0 0 0 183637 15.4776
RE+3_3_18 0 1 0 0 100597 5.10457
RE+3_3_19 0 0 0 0 78883.1 4.00276
RE+3_3_20 0 0 0 0 109965 5.57995
RE+3_2_21 0 0 0 0 140250 11.8208
RE+3_2_22 0 3 0 0 164751 13.8858
RE+3_2_23 0 0 0 0 165731 13.9684
RE+3_3_21 0 0 0 0 63384.9 3.21633
RE+3_3_22 0 0 0 0 105973 5.37738
RE+3_3_23 0 0 0 0 97196.5 4.93203
RE+3_2_24 0 0 0 0 101337 8.54102
RE+3_2_25 0 0 0 0 144976 12.219
RE+3_2_26 0 0 0 0 170874 14.4019
RE+3_3_24 0 0 0 0 53537.6 2.71666
RE+3_3_25 0 0 0 0 94851 4.81302
RE+3_3_26 0 0 0 0 95485.3 4.8452
