322355  -61876049587
RE+1_2_09 0 0 0 0 65526.1 5.56856
RE+1_2_10 0 0 0 0 110970 9.43048
RE+1_2_11 1 2 0 0 39259.3 3.33635
RE+1_3_09 0 0 0 0 45434.9 2.53729
RE+1_3_10 2 0 0 0 41371.5 2.31037
RE+1_3_11 0 0 0 0 51765.7 2.89083
RE+2_2_11 0 0 0 0 150916 12.7197
RE+2_2_12 0 0 0 0 163425 13.774
RE+2_2_13 0 0 0 0 159579 13.4498
RE+2_3_11 0 0 0 0 46955.1 2.38264
RE+2_3_12 0 0 0 0 78767.4 3.99689
RE+2_3_13 0 0 0 0 81316.5 4.12624
RE+1_2_12 0 0 0 0 107510 9.13646
RE+1_2_13 0 0 0 0 87548.5 7.44008
RE+1_2_14 1 0 0 0 139614 11.8647
RE+1_3_12 0 0 0 0 35377.2 1.97562
RE+1_3_13 0 0 0 0 47695.8 2.66355
RE+1_3_14 0 0 0 0 32048.2 1.78972
RE+2_2_14 0 0 0 0 192456 16.2208
RE+2_2_15 0 0 0 0 105250 8.87083
RE+2_2_16 0 0 0 0 157049 13.2366
RE+2_3_14 0 0 0 0 62728.8 3.18304
RE+2_3_15 0 0 0 0 80640.9 4.09195
RE+2_3_16 0 0 0 0 81156.1 4.1181
RE+1_2_15 0 0 0 0 87800.4 7.46148
RE+1_2_16 1 0 0 0 95874.3 8.14762
RE+1_2_17 0 0 0 0 97020.8 8.24505
RE+1_3_15 0 0 0 0 42040.1 2.34771
RE+1_3_16 0 0 0 0 31095.4 1.73651
RE+1_3_17 0 0 0 0 34410.5 1.92164
RE+2_2_17 0 0 0 0 159585 13.4504
RE+2_2_18 0 0 0 0 163748 13.8013
RE+2_2_19 0 0 0 0 152748 12.8741
RE+2_3_17 0 0 0 0 72431.6 3.67539
RE+2_3_18 1 0 0 0 73186.9 3.71372
RE+2_3_19 0 0 0 0 60188.7 3.05415
RE+1_2_18 1 1 0 0 96063.7 8.16372
RE+1_2_19 0 0 0 0 91679.1 7.79111
RE+1_2_20 0 0 0 0 76074.6 6.46499
RE+1_3_18 0 0 0 0 34684.7 1.93695
RE+1_3_19 0 0 0 0 36344 2.02962
RE+1_3_20 0 0 0 0 46776.4 2.61221
RE+2_2_20 0 0 0 0 147277 12.413
RE+2_2_21 0 0 0 0 169747 14.3069
RE+2_2_22 0 0 0 0 192378 16.2143
RE+2_3_20 0 0 0 0 84131.2 4.26906
RE+2_3_21 0 0 0 0 93305.1 4.73457
RE+2_3_22 0 0 0 0 58910.6 2.98929
RE+1_2_21 0 0 0 0 65546.8 5.57032
RE+1_2_22 0 0 0 0 106581 9.05749
RE+1_2_23 0 0 0 0 68221.4 5.79761
RE+1_3_21 0 0 0 0 33288.5 1.85898
RE+1_3_22 0 0 0 0 23471.9 1.31078
RE+1_3_23 0 0 0 0 27638.1 1.54344
RE+2_2_23 0 0 0 0 137188 11.5627
RE+2_2_24 0 0 0 0 150369 12.6736
RE+2_2_25 0 0 0 0 149176 12.573
RE+2_3_23 0 0 0 0 58836.4 2.98553
RE+2_3_24 0 0 0 0 81945.4 4.15814
RE+2_3_25 0 0 0 0 56800 2.8822
RE+1_2_24 0 0 0 0 90472 7.68853
RE+1_2_25 17 0 0 0 90926.8 7.72717
RE+1_2_26 0 0 0 0 93983.2 7.98692
RE+1_3_24 0 0 0 0 22767.7 1.27145
RE+1_3_25 0 0 0 0 24534 1.37009
RE+1_3_26 1 0 0 0 21575 1.20485
RE+2_2_26 0 0 0 0 151743 12.7895
RE+2_2_27 0 0 0 0 94191 7.93875
RE+2_2_28 0 0 0 0 146906 12.3818
RE+2_3_26 0 0 0 0 43839.8 2.22456
RE+2_3_27 0 0 0 0 67212.9 3.41058
RE+2_3_28 0 0 0 0 74491.8 3.77993
