322355  -61876049587
W0_RB4_1+F 56 16 40 0 0 0
W0_RB3_1F 1 0 0 0 17249.3 0.930905
W0_RB4_1+B 60 0 36 0 0 0
W0_RB3_1B 0 0 0 0 9369.96 0.541579
W0_RB2in_1F 0 0 0 0 18369.1 0.869354
W0_RB2in_1C 0 1 0 0 12982.3 0.659292
W0_RB2in_1B 0 1 0 0 12755.3 0.668828
W0_RB2out_1F 0 0 0 0 23983.5 0.772424
W0_RB1out_1F 0 0 0 0 42412.4 1.64445
W0_RB1in_1F 0 0 0 0 46240.7 1.79289
W0_RB2out_1B 0 1 0 0 9590.07 0.330793
W0_RB1out_1B 0 0 0 0 38268.3 1.58912
W0_RB1in_1B 0 1 0 0 37527.9 1.55838
W0_RB4_2+F 0 0 0 0 424035 17.1054
W0_RB3_2F 0 0 0 0 34264.8 1.84919
W0_RB4_2+B 1 0 0 0 359215 15.5194
W0_RB3_2B 2 0 0 0 30925.4 1.78747
W0_RB2in_2F 0 0 0 0 20607 0.975265
W0_RB2in_2C 0 0 0 0 34849.5 1.7698
W0_RB2in_2B 0 2 0 0 19036 0.998154
W0_RB2out_2F 0 0 0 0 33427.7 1.07659
W0_RB1out_2F 0 0 0 0 84960.8 3.29418
W0_RB1in_2F 0 0 0 0 99882.8 3.87275
W0_RB2out_2B 0 0 0 0 32546.2 1.12262
W0_RB1out_2B 0 0 0 0 57598.2 2.39181
W0_RB1in_2B 0 1 0 0 42542.7 1.76662
W0_RB4_3+F 0 0 0 0 531093 21.424
W0_RB3_3F 6 8 0 0 14356.6 0.774795
W0_RB4_3+B 0 1 0 0 519534 22.4457
W0_RB3_3B 0 0 0 0 19259.6 1.11319
W0_RB2in_3F 1 8 0 0 26341.6 1.24667
W0_RB2in_3C 0 0 0 0 35299 1.79263
W0_RB2in_3B 8 0 0 0 32082.5 1.68225
W0_RB2out_3F 1 0 0 0 21304.6 0.686147
W0_RB1out_3F 0 0 0 0 60630.2 2.35081
W0_RB1in_3F 0 0 0 0 63322.2 2.45519
W0_RB2out_3B 0 0 0 0 36703.6 1.26602
W0_RB1out_3B 1 0 0 0 51598.6 2.14267
W0_RB1in_3B 0 0 0 0 63489.1 2.63644
W0_RB4_10-F 0 1 0 0 9133.42 0.294156
W0_RB4_10+F 1 13 1 0 7126.54 0.229521
W0_RB3_10F 1 0 0 0 12627.4 0.681473
W0_RB4_10-B 0 0 0 0 10019.2 0.345593
W0_RB4_10+B 0 0 0 0 9087.93 0.313472
W0_RB3_10B 0 1 0 0 9775.31 0.565008
W0_RB2in_10F 6 0 0 0 15811.2 0.748295
W0_RB2in_10C 0 0 0 0 17676.1 0.897667
W0_RB2in_10B 0 0 0 0 14957.8 0.784312
W0_RB2out_10F 6 0 0 0 32140 1.03512
W0_RB1out_10F 0 0 0 0 50065.6 1.94119
W0_RB1in_10F 0 0 0 0 58025.4 2.24981
W0_RB2out_10B 0 0 0 0 95005.8 3.27706
W0_RB1out_10B 0 0 0 0 52674.8 2.18736
W0_RB1in_10B 0 0 0 0 51364.3 2.13294
W0_RB4_11F 0 0 0 0 9586.55 0.386717
W0_RB3_11F 1 14 0 0 7971.62 0.43021
W0_RB4_11B 0 5 4 0 7993.84 0.345363
W0_RB3_11B 0 0 0 0 8498.83 0.491228
W0_RB2in_11F 0 0 0 0 26774.7 1.26716
W0_RB2in_11C 0 0 0 0 17020.7 0.864382
W0_RB2in_11B 0 0 0 0 13147.4 0.689383
W0_RB2out_11F 0 0 0 0 32470.5 1.04576
W0_RB1out_11F 0 0 0 0 80363.6 3.11593
W0_RB1in_11F 0 0 0 0 87079.8 3.37634
W0_RB2out_11B 0 0 0 0 34362.8 1.18529
W0_RB1out_11B 1 0 0 0 64340.3 2.67178
W0_RB1in_11B 0 0 0 0 94789 3.93619
W0_RB4_12+F 0 2 0 0 143405 5.78487
W0_RB3_12F 0 1 0 0 13349.6 0.720448
W0_RB4_12+B 0 2 0 0 154204 6.66215
W0_RB3_12B 2 0 0 0 19889.5 1.1496
W0_RB2in_12F 0 1 0 0 17825.5 0.843625
W0_RB2in_12C 0 1 0 0 26209.9 1.33105
W0_RB2in_12B 0 1 0 0 14880.3 0.780252
W0_RB2out_12F 0 0 0 0 27827.8 0.896236
W0_RB1out_12F 0 0 0 0 50228.5 1.94751
W0_RB1in_12F 0 0 0 0 69263.8 2.68556
W0_RB2out_12B 0 0 0 0 26984.2 0.93077
W0_RB1out_12B 0 0 0 0 36773.5 1.52705
W0_RB1in_12B 0 0 0 0 68017.4 2.82448
