322355  -61876049587
W0_RB4_4+F 1 0 0 0 476141 25.6962
W0_RB4_4-F 0 0 0 0 362925 19.5862
W0_RB3_4F 6 1 37 0 8333.69 0.44975
W0_RB4_4+B 0 0 0 0 532504 30.7784
W0_RB4_4-B 0 0 0 0 370414 21.4097
W0_RB3_4B 0 0 42 0 12706 0.734401
W0_RB2in_4F 0 0 0 0 19157.4 0.906663
W0_RB2in_4C 0 0 0 0 19758.9 1.00344
W0_RB2in_4B 0 0 0 0 21768.8 1.14145
W0_RB2out_4F 0 0 0 0 19881.7 0.64032
W0_RB1out_4F 0 1 0 0 64234.7 2.49057
W0_RB1in_4F 0 0 0 0 53093.4 2.05859
W0_RB2out_4B 3 0 0 0 16964.9 0.585174
W0_RB1out_4B 1 1 0 0 59097.1 2.45406
W0_RB1in_4B 0 0 0 0 47183 1.95931
W0_RB4_5+F 0 0 0 0 538728 21.732
W0_RB3_5F 0 0 0 0 14994 0.809191
W0_RB4_5+B 3 0 0 0 635512 27.4564
W0_RB3_5B 0 0 0 0 13240.9 0.765319
W0_RB2in_5F 0 43 1 0 118638 5.6148
W0_RB2in_5C 0 0 0 0 15894.5 0.807186
W0_RB2in_5B 0 0 0 0 10907.6 0.571943
W0_RB2out_5F 0 0 0 0 27104.1 0.87293
W0_RB1out_5F 1 0 0 0 61364.7 2.37929
W0_RB1in_5F 0 0 0 0 201136 7.79864
W0_RB2out_5B 0 0 0 0 30813.2 1.06285
W0_RB1out_5B 1 0 0 0 99461.3 4.13021
W0_RB1in_5B 1 0 0 0 65013 2.69972
W0_RB4_6+F 0 0 0 0 306228 12.3531
W0_RB3_6F 1 0 0 0 9265.92 0.50006
W0_RB4_6+B 0 0 0 0 314790 13.6001
W0_RB3_6B 1 0 0 0 10586.8 0.611909
W0_RB2in_6F 2 0 0 0 25268.5 1.19588
W0_RB2in_6C 0 0 0 0 26437.7 1.34262
W0_RB2in_6B 0 0 0 0 22950.1 1.20339
W0_RB2out_6F 1 0 0 0 46103.2 1.48482
W0_RB1out_6F 1 0 0 0 62772 2.43385
W0_RB1in_6F 1 0 0 0 92162 3.57339
W0_RB2out_6B 2 0 0 0 36477.5 1.25823
W0_RB1out_6B 1 0 0 0 87247.3 3.62301
W0_RB1in_6B 0 0 0 0 66472.8 2.76034
W0_RB4_7+F 0 12 96 0 0 0
W0_RB3_7F 0 0 0 0 18492.9 0.998019
W0_RB4_7+B 0 0 96 0 0 0
W0_RB3_7B 0 0 0 0 12533.9 0.724454
W0_RB2in_7F 0 0 0 0 16361.3 0.774329
W0_RB2in_7C 0 0 0 0 13720.3 0.696771
W0_RB2in_7B 0 0 0 0 15469.5 0.811145
W0_RB2out_7F 1 1 0 0 25513 0.821686
W0_RB1out_7F 0 1 0 0 65024.1 2.52117
W0_RB1in_7F 0 0 0 0 47583.8 1.84496
W0_RB2out_7B 3 0 0 0 37977.4 1.30996
W0_RB1out_7B 0 0 0 0 56552.8 2.3484
W0_RB1in_7B 0 0 0 0 52475 2.17907
W0_RB4_8+F 0 0 0 0 134796 7.27464
W0_RB3_8F 7 1 1 0 14812.4 0.79939
W0_RB4_8+B 0 5 0 0 122192 7.06263
W0_RB3_8B 0 0 0 1 83755.5 4.84102
W0_RB2in_8F 0 0 0 0 35840.3 1.69621
W0_RB2in_8C 0 0 0 0 46307.8 2.3517
W0_RB2in_8B 0 0 0 0 22380 1.1735
W0_RB2out_8F 1 1 0 0 97169.6 3.1295
W0_RB1out_8F 0 0 0 0 65049.6 2.52216
W0_RB1in_8F 0 0 0 0 39445.4 1.52941
W0_RB2out_8B 0 0 0 0 24806.6 0.855658
W0_RB1out_8B 0 0 0 0 44512.5 1.84842
W0_RB1in_8B 0 0 0 0 33614.1 1.39585
W0_RB4_9F 0 0 0 0 10413.6 0.420081
W0_RB3_9F 0 0 0 0 13070.5 0.705384
W0_RB4_9B 3 0 0 0 10449.7 0.451463
W0_RB3_9B 0 0 0 0 15595.8 0.901426
W0_RB2in_9F 0 1 0 0 22176.2 1.04953
W0_RB2in_9C 0 0 0 0 19247.8 0.977483
W0_RB2in_9B 0 0 0 0 17051.5 0.894098
W0_RB2out_9F 0 1 0 0 24033.6 0.77404
W0_RB1out_9F 8 0 0 0 59795.6 2.31845
W0_RB1in_9F 1 1 0 0 113598 4.40454
W0_RB2out_9B 0 1 0 0 21817.5 0.752557
W0_RB1out_9B 1 0 0 0 45849.8 1.90395
W0_RB1in_9B 0 0 0 0 114853 4.76936
