322355  -61876049587
W+1_RB4_4-F 31 26 32 0 0 0
W+1_RB4_4+F 52 7 13 0 0 0
W+1_RB3_4F 0 0 0 0 13517.2 0.864074
W+1_RB4_4-B 35 32 23 0 0 0
W+1_RB4_4+B 65 7 1 0 0 0
W+1_RB3_4B 1 1 0 0 13329.1 0.924658
W+1_RB2in_4F 0 0 0 0 48207.2 2.95866
W+1_RB2in_4C 0 0 0 0 68475.7 3.47748
W+1_RB2in_4B 2 43 0 5 1.07314e+06 75.3864
W+1_RB2out_4F 0 1 0 0 30849.2 1.17684
W+1_RB1out_4F 1 0 0 0 171159 7.86064
W+1_RB1in_4F 1 0 0 0 196247 9.01281
W+1_RB2out_4B 1 1 0 0 22893.8 0.947778
W+1_RB1out_4B 3 0 0 0 83260.6 4.14967
W+1_RB1in_4B 0 1 0 0 193058 9.62194
W+1_RB4_5+F 1 0 0 0 847063 34.1701
W+1_RB3_5F 0 0 0 0 18913.1 1.0207
W+1_RB4_5+B 0 0 0 0 753303 32.5454
W+1_RB3_5B 1 0 0 0 16209.3 0.93689
W+1_RB2in_5F 1 0 0 0 53567.8 2.5352
W+1_RB2in_5C 0 0 0 0 57087.9 2.89916
W+1_RB2in_5B 0 0 0 0 34206.9 1.79364
W+1_RB2out_5F 0 0 0 0 41802.2 1.34631
W+1_RB1out_5F 1 0 0 0 126246 4.89491
W+1_RB1in_5F 0 0 0 0 311607 12.0819
W+1_RB2out_5B 0 0 0 0 33538.7 1.15686
W+1_RB1out_5B 0 0 0 0 135929 5.64458
W+1_RB1in_5B 0 0 0 0 242063 10.0519
W+1_RB4_6+F 0 0 0 0 592623 23.9061
W+1_RB3_6F 0 0 0 0 36376.2 1.96314
W+1_RB4_6+B 0 0 0 0 640591 27.6759
W+1_RB3_6B 0 0 0 0 23694.1 1.36951
W+1_RB2in_6F 0 0 0 0 82576.8 3.90811
W+1_RB2in_6C 0 0 0 0 93800 4.76355
W+1_RB2in_6B 1 0 0 0 35180.1 1.84467
W+1_RB2out_6F 0 0 0 0 45403.9 1.4623
W+1_RB1out_6F 0 0 0 0 210274 8.15293
W+1_RB1in_6F 0 0 0 7 2.55629e+06 99.1147
W+1_RB2out_6B 0 0 0 0 24773.7 0.854526
W+1_RB1out_6B 0 0 0 0 145036 6.02272
W+1_RB1in_6B 0 0 0 0 109712 4.55586
W+1_RB4_7+F 0 0 0 0 612371 24.7027
W+1_RB3_7F 2 0 0 0 23741.2 1.28126
W+1_RB4_7+B 1 0 0 0 564952 24.408
W+1_RB3_7B 0 0 0 0 27109.5 1.56692
W+1_RB2in_7F 0 0 0 0 31176.8 1.4755
W+1_RB2in_7C 0 0 0 0 27783.1 1.41094
W+1_RB2in_7B 0 0 0 0 16649 0.87299
W+1_RB2out_7F 0 0 0 0 33153.9 1.06777
W+1_RB1out_7F 0 1 0 0 126094 4.88903
W+1_RB1in_7F 1 0 0 0 225881 8.75805
W+1_RB2out_7B 0 0 0 0 19088.2 0.658412
W+1_RB1out_7B 0 0 0 1 166444 6.91172
W+1_RB1in_7B 0 0 0 0 114955 4.77359
W+1_RB4_8+F 1 0 0 0 244285 13.1835
W+1_RB3_8F 1 0 0 1 66707 3.60002
W+1_RB4_8+B 0 0 0 0 328129 18.9657
W+1_RB3_8B 1 0 0 1 166722 9.63646
W+1_RB2in_8F 0 0 0 0 38312.9 1.81323
W+1_RB2in_8C 0 0 0 0 33257.6 1.68896
W+1_RB2in_8B 1 0 0 0 20847.6 1.09315
W+1_RB2out_8F 0 1 0 0 52730.5 1.69827
W+1_RB1out_8F 1 0 0 0 228064 8.84272
W+1_RB1in_8F 0 0 0 0 200390 7.76969
W+1_RB2out_8B 0 0 0 0 52025.1 1.79451
W+1_RB1out_8B 0 0 0 0 135940 5.64501
W+1_RB1in_8B 2 0 0 0 213642 8.87167
W+1_RB4_9F 0 0 0 0 29245.1 1.17973
W+1_RB3_9F 1 13 0 0 9586.73 0.517374
W+1_RB4_9B 0 0 0 0 31606.1 1.3655
W+1_RB3_9B 7 0 0 0 10488.2 0.606211
W+1_RB2in_9F 0 0 0 0 12364.2 0.585162
W+1_RB2in_9C 0 0 0 0 10636.7 0.540177
W+1_RB2in_9B 0 0 0 0 9231.59 0.484059
W+1_RB2out_9F 0 0 0 0 45066 1.45142
W+1_RB1out_9F 2 0 0 0 180785 7.00957
W+1_RB1in_9F 0 0 0 0 294971 11.4369
W+1_RB2out_9B 0 0 0 0 23384.5 0.806606
W+1_RB1out_9B 1 0 0 0 112105 4.65524
W+1_RB1in_9B 1 0 0 0 174475 7.2452
