322355  -61876049587
RE-1_2_36 0 0 0 0 102024 8.67027
RE-1_2_01 0 0 0 0 87554.8 7.44061
RE-1_2_02 0 0 0 0 111665 9.48951
RE-1_3_36 0 0 0 0 29179.4 1.62951
RE-1_3_01 0 0 0 0 44396.9 2.47933
RE-1_3_02 0 0 0 0 43370.9 2.42203
RE-2_2_02 0 1 0 0 179127 15.0975
RE-2_2_03 0 1 0 0 199961 16.8534
RE-2_2_04 0 0 0 0 112672 9.49643
RE-2_3_02 0 0 0 0 85108.6 4.31866
RE-2_3_03 0 0 0 0 84123.5 4.26867
RE-2_3_04 0 0 0 0 104800 5.31786
RE-1_2_03 0 0 0 0 83903.5 7.13032
RE-1_2_04 0 0 0 0 112645 9.57283
RE-1_2_05 0 0 0 0 74037.7 6.2919
RE-1_3_03 0 0 0 0 28783.6 1.60741
RE-1_3_04 0 5 0 0 63680.2 3.55619
RE-1_3_05 0 0 0 0 29859.4 1.66748
RE-2_2_05 0 0 0 0 176918 14.9113
RE-2_2_06 0 2 0 0 141094 11.8919
RE-2_2_07 0 0 0 0 173340 14.6097
RE-2_3_05 0 0 0 0 98589.7 5.00273
RE-2_3_06 0 1 0 0 88870.9 4.50957
RE-2_3_07 0 2 0 0 90749.8 4.60491
RE-1_2_06 0 0 0 0 107643 9.14774
RE-1_2_07 0 0 0 0 74600.3 6.33971
RE-1_2_08 0 0 0 0 109018 9.26459
RE-1_3_06 0 0 0 0 33510 1.87135
RE-1_3_07 0 0 0 0 30809 1.72052
RE-1_3_08 0 0 0 0 33621.5 1.87758
RE-2_2_08 0 1 0 0 184290 15.5326
RE-2_2_09 0 0 0 0 212089 17.8756
RE-2_2_10 0 1 0 0 193729 16.3281
RE-2_3_08 0 0 0 0 65239.6 3.31045
RE-2_3_09 0 0 0 0 89617.6 4.54746
RE-2_3_10 0 0 0 0 99322 5.03989
RE-1_2_27 0 0 0 0 86636.1 7.36254
RE-1_2_28 0 1 0 0 64988.6 5.52288
RE-1_2_29 1 0 0 1 121511 10.3263
RE-1_3_27 0 0 0 0 22385 1.25008
RE-1_3_28 0 0 0 0 13118.2 0.732583
RE-1_3_29 0 0 0 0 17168.9 0.958792
RE-2_2_29 0 0 0 0 209909 17.6919
RE-2_2_30 0 1 0 0 169857 14.3161
RE-2_2_31 0 2 0 0 200023 16.8586
RE-2_3_29 0 0 0 0 51199.4 2.598
RE-2_3_30 0 1 0 0 64018.5 3.24849
RE-2_3_31 0 1 0 0 68901.2 3.49624
RE-1_2_30 0 0 0 0 118683 10.0859
RE-1_2_31 0 2 0 0 41212.9 3.50237
RE-1_2_32 0 2 0 0 82884.1 7.04369
RE-1_3_30 0 0 0 0 16226.1 0.906142
RE-1_3_31 1 0 0 0 21926.3 1.22446
RE-1_3_32 8 0 0 0 20157.9 1.12571
RE-2_2_32 4 0 0 0 153717 12.9558
RE-2_2_33 0 0 0 0 165916 13.984
RE-2_2_34 0 2 0 0 152547 12.8572
RE-2_3_32 4 0 0 0 54172.4 2.74887
RE-2_3_33 4 0 0 0 69255.6 3.51423
RE-2_3_34 0 0 0 0 94560.1 4.79826
RE-1_2_33 0 2 0 0 78639.9 6.683
RE-1_2_34 0 0 0 0 123430 10.4894
RE-1_2_35 0 3 0 0 73769.4 6.2691
RE-1_3_33 0 2 0 0 72483 4.04778
RE-1_3_34 0 0 0 0 18607.8 1.03915
RE-1_3_35 0 0 0 0 23636.8 1.31998
RE-2_2_35 0 1 0 0 175993 14.8333
RE-2_2_36 0 2 0 0 145312 12.2474
RE-2_2_01 0 1 0 0 195317 16.462
RE-2_3_35 0 1 0 0 104401 5.29759
RE-2_3_36 0 1 0 0 65651 3.33132
RE-2_3_01 0 2 0 0 88562.2 4.4939
