322355  -61876049587
W+2_RB4_4-F 0 0 0 0 255038 13.7638
W+2_RB4_4+F 0 0 0 0 249130 13.445
W+2_RB3_4F 0 0 0 0 33623.6 1.81459
W+2_RB4_4-B 0 0 0 0 222877 12.8822
W+2_RB4_4+B 0 0 0 0 192503 11.1265
W+2_RB3_4B 0 0 0 0 16831.3 0.972838
W+2_RB2out_4F 0 0 0 0 52428.6 2.48129
W+2_RB2out_4C 0 0 0 0 51509.2 2.61585
W+2_RB2out_4B 0 0 0 0 37923.3 1.98851
W+2_RB2in_4F 0 0 0 0 95610.5 3.07928
W+2_RB1out_4F 1 0 0 0 262113 10.1629
W+2_RB1in_4F 0 0 0 0 355635 13.789
W+2_RB2in_4B 0 0 0 0 80329.7 2.77083
W+2_RB1out_4B 0 0 0 0 293346 12.1814
W+2_RB1in_4B 0 0 0 0 340020 14.1196
W+2_RB4_5+F 0 0 0 0 903918 36.4636
W+2_RB3_5F 0 0 0 0 34141.5 1.84254
W+2_RB4_5+B 0 1 0 0 802864 34.6866
W+2_RB3_5B 0 0 0 0 25196.1 1.45632
W+2_RB2out_5F 0 1 0 0 95085.2 4.50009
W+2_RB2out_5C 0 0 0 0 84979.4 4.3156
W+2_RB2out_5B 1 0 0 0 59190 3.10363
W+2_RB2in_5F 0 0 0 0 103428 3.33105
W+2_RB1out_5F 0 0 0 0 402125 15.5916
W+2_RB1in_5F 0 0 0 0 372266 14.4339
W+2_RB2in_5B 0 0 0 0 86330 2.9778
W+2_RB1out_5B 4 0 0 0 317099 13.1678
W+2_RB1in_5B 0 0 0 0 387040 16.0721
W+2_RB4_6+F 0 0 0 0 604617 24.39
W+2_RB3_6F 0 0 0 0 27817.8 1.50126
W+2_RB4_6+B 0 0 0 0 702450 30.3484
W+2_RB3_6B 0 0 0 0 21156.3 1.22282
W+2_RB2out_6F 8 0 0 0 66370.3 3.1411
W+2_RB2out_6C 0 0 0 0 79096.8 4.01686
W+2_RB2out_6B 0 0 0 0 80228.5 4.20679
W+2_RB2in_6F 0 0 0 0 89542.3 2.88385
W+2_RB1out_6F 0 0 0 0 275897 10.6973
W+2_RB1in_6F 0 0 0 0 316330 12.265
W+2_RB2in_6B 0 0 0 0 94510.5 3.25997
W+2_RB1out_6B 1 0 0 0 246170 10.2224
W+2_RB1in_6B 0 0 0 0 382311 15.8758
W+2_RB4_7+F 0 0 0 0 978787 39.4838
W+2_RB3_7F 0 0 0 0 21429 1.15647
W+2_RB4_7+B 1 0 0 2 1.31078e+06 56.6306
W+2_RB3_7B 0 0 0 0 21092.5 1.21913
W+2_RB2out_7F 0 0 0 0 55362.5 2.62014
W+2_RB2out_7C 0 0 0 0 69325.8 3.52065
W+2_RB2out_7B 0 1 0 0 30103.3 1.57847
W+2_RB2in_7F 0 0 0 0 101962 3.28386
W+2_RB1out_7F 0 0 0 0 298750 11.5834
W+2_RB1in_7F 0 0 0 0 463069 17.9545
W+2_RB2in_7B 0 0 0 0 79802 2.75263
W+2_RB1out_7B 0 0 0 0 319908 13.2844
W+2_RB1in_7B 0 0 0 0 412239 17.1186
W+2_RB4_8+F 0 2 36 0 200678 10.8301
W+2_RB3_8F 0 0 0 0 33476.6 1.80665
W+2_RB4_8+B 0 2 36 0 250797 14.4959
W+2_RB3_8B 0 0 0 0 37643.5 2.17578
W+2_RB2out_8F 0 0 0 0 19130.6 0.905395
W+2_RB2out_8C 0 0 0 0 28122.6 1.42818
W+2_RB2out_8B 0 0 0 0 24285.7 1.27342
W+2_RB2in_8F 0 0 0 0 83319 2.68342
W+2_RB1out_8F 0 0 0 0 343598 13.3223
W+2_RB1in_8F 0 0 0 0 550369 21.3394
W+2_RB2in_8B 0 0 0 0 51899.6 1.79018
W+2_RB1out_8B 0 10 0 3 628335 26.0921
W+2_RB1in_8B 0 0 0 0 568383 23.6026
W+2_RB4_9F 0 1 0 0 30695.4 1.23824
W+2_RB3_9F 0 0 0 0 19999.4 1.07932
W+2_RB4_9B 0 0 0 0 16314.3 0.704836
W+2_RB3_9B 0 0 0 0 18641.3 1.07745
W+2_RB2out_9F 0 0 0 0 65615.6 3.10539
W+2_RB2out_9C 0 0 0 0 75349.8 3.82657
W+2_RB2out_9B 0 0 0 0 43713.6 2.29212
W+2_RB2in_9F 0 0 0 0 169022 5.4436
W+2_RB1out_9F 0 0 0 0 407274 15.7912
W+2_RB1in_9F 0 0 0 0 646424 25.0638
W+2_RB2in_9B 0 0 0 0 93796.5 3.23534
W+2_RB1out_9B 1 0 0 0 301839 12.5341
W+2_RB1in_9B 0 0 0 0 354706 14.7295
