322355  -61876049587
RE-4_2_09 0 1 0 0 331077 27.9043
RE-4_2_10 0 0 0 0 408397 34.4212
RE-4_2_11 0 1 0 0 340462 28.6954
RE-4_3_09 0 0 0 0 474559 24.0805
RE-4_3_10 0 0 0 0 509384 25.8476
RE-4_3_11 0 0 0 0 256156 12.9981
RE-4_2_12 0 0 0 0 353072 29.7581
RE-4_2_13 0 5 0 0 331025 27.8999
RE-4_2_14 0 0 0 0 283485 23.8931
RE-4_3_12 0 0 0 0 429584 21.7983
RE-4_3_13 0 0 0 0 353063 17.9155
RE-4_3_14 0 0 0 0 337656 17.1336
RE-4_2_15 0 2 0 0 295507 24.9063
RE-4_2_16 0 1 0 0 314139 26.4768
RE-4_2_17 0 0 0 0 308532 26.0042
RE-4_3_15 0 1 0 0 277582 14.0853
RE-4_3_16 0 0 0 0 324707 16.4766
RE-4_3_17 0 0 0 0 372673 18.9105
RE-4_2_18 0 2 0 0 261799 22.0654
RE-4_2_19 0 2 0 0 265892 22.4103
RE-4_2_20 0 1 0 0 324141 27.3197
RE-4_3_18 0 0 0 0 315906 16.03
RE-4_3_19 0 0 0 0 396471 20.1181
RE-4_3_20 0 2 0 0 369801 18.7648
RE-4_2_21 0 2 0 0 229393 19.3341
RE-4_2_22 0 2 0 0 131895 11.1166
RE-4_2_23 0 1 0 0 207883 17.5211
RE-4_3_21 0 0 0 0 188026 9.54101
RE-4_3_22 0 1 0 0 297127 15.0771
RE-4_3_23 0 1 0 0 230530 11.6978
RE-4_2_24 0 0 0 0 239126 20.1544
RE-4_2_25 0 0 0 0 268353 22.6177
RE-4_2_26 0 1 0 0 292385 24.6432
RE-4_3_24 0 1 0 0 212298 10.7726
RE-4_3_25 0 0 0 0 174420 8.85058
RE-4_3_26 0 4 0 1 320931 16.285
RE-3_2_09 1 1 0 0 181169 15.2696
RE-3_2_10 0 0 0 0 177275 14.9413
RE-3_2_11 0 1 0 0 160672 13.542
RE-3_3_09 0 0 0 0 132064 6.70132
RE-3_3_10 0 0 0 0 136667 6.93487
RE-3_3_11 0 0 0 0 137943 6.99962
RE-3_2_12 0 0 0 0 173768 14.6458
RE-3_2_13 0 0 0 0 192480 16.2229
RE-3_2_14 0 0 0 0 163801 13.8057
RE-3_3_12 0 0 0 0 122513 6.21666
RE-3_3_13 0 0 0 0 112844 5.72604
RE-3_3_14 0 0 0 0 106421 5.40012
RE-3_2_15 0 0 0 0 139420 11.7508
RE-3_2_16 0 0 0 0 131593 11.0911
RE-3_2_17 0 0 0 0 119331 10.0576
RE-3_3_15 0 0 0 0 123041 6.24348
RE-3_3_16 0 0 0 0 122681 6.22517
RE-3_3_17 1 0 0 0 102823 5.21752
RE-3_2_18 0 0 0 0 135708 11.438
RE-3_2_19 0 0 0 0 171841 14.4834
RE-3_2_20 2 0 0 0 116636 9.83045
RE-3_3_18 0 0 0 0 107433 5.45144
RE-3_3_19 16 0 0 0 84385.4 4.28196
RE-3_3_20 0 0 0 0 95737.8 4.85801
RE-3_2_21 0 0 0 0 171983 14.4953
RE-3_2_22 0 0 0 0 193860 16.3392
RE-3_2_23 0 0 0 0 180274 15.1942
RE-3_3_21 0 0 0 0 95491.2 4.8455
RE-3_3_22 0 0 0 0 90353.4 4.58479
RE-3_3_23 1 0 0 0 67438.2 3.42201
RE-3_2_24 0 0 0 0 142454 12.0065
RE-3_2_25 0 0 0 0 137822 11.6161
RE-3_2_26 0 0 0 0 168319 14.1865
RE-3_3_24 0 0 0 0 72142.3 3.66071
RE-3_3_25 0 0 0 0 60039.1 3.04656
RE-3_3_26 0 0 0 0 80706.2 4.09527
