322355  -61876049587
W-2_RB4_1+F 2 11 37 0 208006 8.39084
W-2_RB3_1F 0 0 0 0 19440.1 1.04914
W-2_RB4_1+B 10 12 28 0 224312 9.69112
W-2_RB3_1B 3 0 0 0 16009.3 0.925328
W-2_RB2out_1F 0 0 0 0 76000.2 3.59686
W-2_RB2out_1C 0 0 0 0 85663.4 4.35034
W-2_RB2out_1B 1 0 0 0 38810.4 2.03502
W-2_RB2in_1F 0 0 0 0 113500 3.65545
W-2_RB1out_1F 0 0 0 0 251149 9.73777
W-2_RB1in_1F 1 0 0 0 292108 11.3259
W-2_RB2in_1B 0 0 0 0 64535.4 2.22603
W-2_RB1out_1B 0 0 0 0 195248 8.10781
W-2_RB1in_1B 1 0 0 0 276645 11.4879
W-2_RB4_2+F 1 0 0 0 728376 29.3823
W-2_RB3_2F 0 3 40 0 9172.78 0.495034
W-2_RB4_2+B 1 0 0 0 578066 24.9745
W-2_RB3_2B 3 8 31 0 9838.88 0.568682
W-2_RB2out_2F 0 0 0 0 109163 5.16634
W-2_RB2out_2C 0 0 0 0 188193 9.55721
W-2_RB2out_2B 0 0 0 0 127053 6.66205
W-2_RB2in_2F 1 0 0 0 123787 3.98674
W-2_RB1out_2F 0 0 0 0 340537 13.2036
W-2_RB1in_2F 1 0 0 0 292914 11.3571
W-2_RB2in_2B 0 1 0 0 57728.6 1.99125
W-2_RB1out_2B 1 0 0 0 256719 10.6605
W-2_RB1in_2B 3 0 0 0 262120 10.8847
W-2_RB4_3+F 0 0 0 1 898901 36.2612
W-2_RB3_3F 1 0 41 0 12072.6 0.65153
W-2_RB4_3+B 0 0 0 18 1.44406e+06 62.3887
W-2_RB3_3B 3 10 49 0 5114.32 0.295605
W-2_RB2out_3F 1 0 0 0 76168 3.6048
W-2_RB2out_3C 0 0 0 0 96760.4 4.91389
W-2_RB2out_3B 0 0 0 0 45790.3 2.40102
W-2_RB2in_3F 1 7 0 0 108249 3.48634
W-2_RB1out_3F 0 0 0 0 306865 11.8981
W-2_RB1in_3F 0 0 0 0 440840 17.0926
W-2_RB2in_3B 0 0 0 0 85107.4 2.93563
W-2_RB1out_3B 0 0 0 0 290259 12.0533
W-2_RB1in_3B 0 0 0 0 487819 20.2571
W-2_RB4_10+F 0 0 0 0 19722.2 0.635184
W-2_RB4_10-F 0 0 0 0 21084.6 0.679061
W-2_RB3_10F 0 0 0 0 13207.5 0.712779
W-2_RB4_10+B 0 0 0 0 8508.48 0.293485
W-2_RB4_10-B 0 0 0 0 14713.5 0.507516
W-2_RB3_10B 0 0 0 0 8634.82 0.499088
W-2_RB2out_10F 0 0 0 0 69213.3 3.27566
W-2_RB2out_10C 0 2 0 0 78678.8 3.99563
W-2_RB2out_10B 0 0 0 0 54556.6 2.86068
W-2_RB2in_10F 0 0 0 0 65308.5 2.10336
W-2_RB1out_10F 0 0 0 0 275271 10.6731
W-2_RB1in_10F 0 4 0 0 651059 25.2434
W-2_RB2in_10B 0 0 0 0 59047.6 2.03674
W-2_RB1out_10B 0 4 0 0 206725 8.58442
W-2_RB1in_10B 0 0 0 0 284849 11.8286
W-2_RB4_11F 0 0 0 0 30331.8 1.22357
W-2_RB3_11F 1 0 0 0 18072.1 0.975309
W-2_RB4_11B 0 0 0 0 14179.5 0.612606
W-2_RB3_11B 1 0 0 0 18227.5 1.05354
W-2_RB2out_11F 1 0 0 0 67908.3 3.2139
W-2_RB2out_11C 0 0 0 0 98073.2 4.98056
W-2_RB2out_11B 0 0 0 0 40650.4 2.13151
W-2_RB2in_11F 0 0 0 0 126688 4.08019
W-2_RB1out_11F 0 0 0 0 336272 13.0383
W-2_RB1in_11F 0 0 0 0 384669 14.9147
W-2_RB2in_11B 1 0 0 0 98410.9 3.39451
W-2_RB1out_11B 7 0 0 0 275556 11.4427
W-2_RB1in_11B 11 14 0 0 295183 12.2577
W-2_RB4_12+F 0 0 0 0 275722 11.1225
W-2_RB3_12F 7 0 35 0 26750.2 1.44365
W-2_RB4_12+B 0 0 0 0 332485 14.3646
W-2_RB3_12B 0 0 42 0 18496.8 1.0691
W-2_RB2out_12F 0 0 0 0 76568 3.62373
W-2_RB2out_12C 0 0 0 0 90784.8 4.61042
W-2_RB2out_12B 0 0 0 0 42790.3 2.24371
W-2_RB2in_12F 0 1 0 0 144623 4.65779
W-2_RB1out_12F 0 0 2 0 237655 9.21456
W-2_RB1in_12F 0 0 0 0 497071 19.2729
W-2_RB2in_12B 0 0 0 0 100980 3.48313
W-2_RB1out_12B 0 0 1 0 230837 9.58569
W-2_RB1in_12B 0 0 0 0 369917 15.3611
