322355  -61876049587
W-2_RB4_4+F 0 0 0 0 195558 10.5538
W-2_RB4_4-F 1 7 30 0 108052 5.8313
W-2_RB3_4F 3 0 0 1 165544 8.93402
W-2_RB4_4+B 0 0 0 0 206895 11.9584
W-2_RB4_4-B 0 0 36 0 89972.7 5.20038
W-2_RB3_4B 0 0 0 0 20990.8 1.21326
W-2_RB2out_4F 0 0 0 0 74279.7 3.51543
W-2_RB2out_4C 0 0 0 0 67179 3.41162
W-2_RB2out_4B 8 0 0 0 57600.6 3.02029
W-2_RB2in_4F 0 0 0 0 98943.8 3.18664
W-2_RB1out_4F 1 0 0 0 347282 13.4651
W-2_RB1in_4F 0 0 0 0 384508 14.9085
W-2_RB2in_4B 0 0 0 0 82307.4 2.83905
W-2_RB1out_4B 1 6 0 0 424000 17.6069
W-2_RB1in_4B 0 0 0 0 325468 13.5153
W-2_RB4_5+F 0 39 25 37 4.34174e+06 175.143
W-2_RB3_5F 0 0 0 0 31552.5 1.70282
W-2_RB4_5+B 0 28 36 44 6.26546e+06 270.691
W-2_RB3_5B 2 0 0 0 24725.5 1.42912
W-2_RB2out_5F 0 0 0 0 121338 5.74258
W-2_RB2out_5C 0 0 0 0 127588 6.47944
W-2_RB2out_5B 1 0 0 0 79877.4 4.18838
W-2_RB2in_5F 0 0 0 0 133191 4.28962
W-2_RB1out_5F 1 0 0 0 257992 10.0031
W-2_RB1in_5F 0 0 0 0 395032 15.3166
W-2_RB2in_5B 0 0 0 0 118100 4.07366
W-2_RB1out_5B 2 0 0 0 240597 9.99099
W-2_RB1in_5B 4 0 0 0 350150 14.5403
W-2_RB4_6+F 0 0 0 0 570426 23.0107
W-2_RB3_6F 0 0 0 0 22102.7 1.19283
W-2_RB4_6+B 0 0 0 0 524092 22.6427
W-2_RB3_6B 1 1 0 0 14351 0.829479
W-2_RB2out_6F 0 0 0 0 70412.2 3.33239
W-2_RB2out_6C 0 0 0 0 92138.8 4.67919
W-2_RB2out_6B 0 0 0 0 53476.3 2.80403
W-2_RB2in_6F 0 0 0 0 117789 3.79356
W-2_RB1out_6F 0 0 0 0 385438 14.9446
W-2_RB1in_6F 0 0 0 0 334828 12.9823
W-2_RB2in_6B 0 0 0 0 107788 3.71795
W-2_RB1out_6B 0 0 0 0 290632 12.0688
W-2_RB1in_6B 0 0 0 0 320883 13.3249
W-2_RB4_7+F 0 5 48 0 180752 7.29146
W-2_RB3_7F 3 0 0 0 31276.7 1.68793
W-2_RB4_7+B 0 9 48 0 128917 5.5697
W-2_RB3_7B 0 1 1 0 26885.7 1.55398
W-2_RB2out_7F 0 0 0 0 55342.8 2.61921
W-2_RB2out_7C 1 0 0 0 58917.9 2.99209
W-2_RB2out_7B 0 0 0 0 32524.9 1.70545
W-2_RB2in_7F 7 0 0 0 77725.4 2.50326
W-2_RB1out_7F 0 0 1 0 269710 10.4575
W-2_RB1in_7F 1 0 0 0 362800 14.0668
W-2_RB2in_7B 0 0 0 0 86629.6 2.98813
W-2_RB1out_7B 0 0 0 0 223616 9.28586
W-2_RB1in_7B 0 0 0 0 369669 15.3508
W-2_RB4_8+F 0 30 15 0 78804.5 4.2529
W-2_RB3_8F 0 0 0 0 18524.9 0.999748
W-2_RB4_8+B 0 33 16 1 79920 4.61933
W-2_RB3_8B 0 0 0 0 13374.9 0.773061
W-2_RB2out_8F 0 0 0 0 106174 5.0249
W-2_RB2out_8C 1 0 0 0 266392 13.5285
W-2_RB2out_8B 0 0 0 0 60961.4 3.19652
W-2_RB2in_8F 0 0 0 0 143747 4.62961
W-2_RB1out_8F 0 0 0 0 176423 6.84043
W-2_RB1in_8F 1 0 0 0 251790 9.76263
W-2_RB2in_8B 0 0 0 0 129885 4.48017
W-2_RB1out_8B 0 0 0 0 161762 6.71732
W-2_RB1in_8B 0 0 0 0 260530 10.8187
W-2_RB4_9F 1 0 0 0 35619.3 1.43687
W-2_RB3_9F 0 0 0 0 19161.3 1.03409
W-2_RB4_9B 1 0 0 0 27541.4 1.18989
W-2_RB3_9B 1 0 0 0 10945.1 0.632619
W-2_RB2out_9F 0 0 0 0 39640.4 1.87606
W-2_RB2out_9C 0 0 0 0 43546.7 2.21148
W-2_RB2out_9B 1 0 0 0 34808.2 1.82517
W-2_RB2in_9F 0 0 0 0 146287 4.7114
W-2_RB1out_9F 0 0 0 0 285234 11.0594
W-2_RB1in_9F 1 0 0 0 287978 11.1657
W-2_RB2in_9B 0 0 0 0 116273 4.01062
W-2_RB1out_9B 1 0 0 0 224010 9.3022
W-2_RB1in_9B 0 0 0 0 270163 11.2188
