322355  -61876049587
W+2_RB4_1+F 0 1 0 0 585016 23.5992
W+2_RB3_1F 1 0 0 0 72846.3 3.93135
W+2_RB4_1+B 0 0 0 0 714785 30.8813
W+2_RB3_1B 0 0 0 0 311765 18.0199
W+2_RB2out_1F 0 1 0 0 58509.8 2.76909
W+2_RB2out_1C 14 0 0 0 37788.3 1.91904
W+2_RB2out_1B 0 1 0 0 53757.4 2.81877
W+2_RB2in_1F 0 0 0 0 67596.9 2.17706
W+2_RB1out_1F 0 0 0 0 165403 6.41315
W+2_RB1in_1F 0 2 0 0 560744 21.7417
W+2_RB2in_1B 0 0 0 0 71549.6 2.46797
W+2_RB1out_1B 0 1 0 0 144740 6.01044
W+2_RB1in_1B 0 1 0 0 552861 22.958
W+2_RB4_2+F 0 0 0 0 803224 32.4016
W+2_RB3_2F 0 0 0 0 32386.7 1.74783
W+2_RB4_2+B 0 0 0 0 799808 34.5546
W+2_RB3_2B 0 0 0 0 26377.2 1.52459
W+2_RB2out_2F 0 0 0 0 74253 3.51417
W+2_RB2out_2C 0 0 0 0 84743.1 4.3036
W+2_RB2out_2B 0 0 0 0 74894.4 3.9271
W+2_RB2in_2F 0 0 0 0 108812 3.50445
W+2_RB1out_2F 0 0 0 0 312780 12.1274
W+2_RB1in_2F 0 0 0 0 410144 15.9025
W+2_RB2in_2B 0 1 0 0 72887 2.51411
W+2_RB1out_2B 0 0 0 0 139705 5.80138
W+2_RB1in_2B 0 0 0 0 471496 19.5793
W+2_RB4_3+F 0 0 0 0 749510 30.2349
W+2_RB3_3F 0 0 0 0 31975.2 1.72563
W+2_RB4_3+B 0 0 0 0 678030 29.2934
W+2_RB3_3B 0 0 0 0 20232.8 1.16944
W+2_RB2out_3F 0 0 0 0 161750 7.65515
W+2_RB2out_3C 0 0 0 0 158978 8.07358
W+2_RB2out_3B 0 12 0 14 1.35809e+06 71.2115
W+2_RB2in_3F 0 0 0 0 118113 3.80401
W+2_RB1out_3F 0 0 0 0 288714 11.1943
W+2_RB1in_3F 0 1 0 0 493501 19.1345
W+2_RB2in_3B 0 0 0 0 66752.5 2.30251
W+2_RB1out_3B 0 1 0 0 299186 12.4239
W+2_RB1in_3B 0 0 0 0 320401 13.3049
W+2_RB4_10-F 0 0 0 0 22782.6 0.733749
W+2_RB4_10+F 0 0 0 0 22739.2 0.732352
W+2_RB3_10F 0 0 0 0 16353.4 0.882553
W+2_RB4_10-B 3 0 0 0 12995 0.44824
W+2_RB4_10+B 0 0 0 0 16455.6 0.567607
W+2_RB3_10B 0 0 0 0 13690.2 0.791286
W+2_RB2out_10F 6 0 0 0 55817.3 2.64166
W+2_RB2out_10C 0 0 0 0 62937.4 3.19622
W+2_RB2out_10B 0 0 0 0 44083 2.3115
W+2_RB2in_10F 0 1 0 0 120934 3.89488
W+2_RB1out_10F 0 0 0 0 241014 9.3448
W+2_RB1in_10F 0 0 0 0 494898 19.1886
W+2_RB2in_10B 1 1 0 0 95987.8 3.31093
W+2_RB1out_10B 0 0 0 0 221920 9.21542
W+2_RB1in_10B 0 0 0 0 430951 17.8956
W+2_RB4_11F 1 4 0 0 21141.1 0.852823
W+2_RB3_11F 10 0 32 0 13185 0.711562
W+2_RB4_11B 2 0 0 0 13904.6 0.60073
W+2_RB3_11B 40 1 3 0 4090.32 0.236419
W+2_RB2out_11F 0 0 0 0 66856.9 3.16413
W+2_RB2out_11C 0 0 0 0 70413 3.57586
W+2_RB2out_11B 0 0 0 0 43123.2 2.26117
W+2_RB2in_11F 0 0 0 0 78277.2 2.52104
W+2_RB1out_11F 1 1 0 0 124867 4.84146
W+2_RB1in_11F 0 0 0 0 518807 20.1156
W+2_RB2in_11B 0 1 0 0 58201.7 2.00756
W+2_RB1out_11B 0 0 0 0 127741 5.30456
W+2_RB1in_11B 0 0 0 0 472421 19.6177
W+2_RB4_12+F 0 4 0 0 248443 10.0221
W+2_RB3_12F 0 9 36 0 7597.94 0.410044
W+2_RB4_12+B 0 1 0 0 317731 13.7271
W+2_RB3_12B 10 11 22 0 5561.74 0.321465
W+2_RB2out_12F 0 0 0 0 68531.3 3.24338
W+2_RB2out_12C 1 1 0 0 73444.1 3.72979
W+2_RB2out_12B 0 1 0 0 53994.5 2.83121
W+2_RB2in_12F 0 1 0 0 64601.8 2.0806
W+2_RB1out_12F 2 0 0 0 2866.73 0.111151
W+2_RB1in_12F 0 0 0 0 346117 13.42
W+2_RB2in_12B 0 1 0 0 61499.7 2.12132
W+2_RB1out_12B 0 0 0 0 160467 6.66354
W+2_RB1in_12B 5 1 1 0 4238.68 0.176014
