322355  -61876049587
W+1_RB4_1+F 3 0 0 0 385842 15.5647
W+1_RB3_1F 1 0 0 1 114814 6.19627
W+1_RB4_1+B 1 0 0 0 534293 23.0834
W+1_RB3_1B 0 0 0 0 11844.1 0.68458
W+1_RB2in_1F 0 0 0 0 95366.8 4.51342
W+1_RB2in_1C 0 0 0 0 173529 8.81254
W+1_RB2in_1B 0 0 0 0 17286.6 0.906422
W+1_RB2out_1F 0 0 0 0 44664.3 1.43848
W+1_RB1out_1F 2 0 0 0 133272 5.16734
W+1_RB1in_1F 0 1 0 0 128969 5.00051
W+1_RB2out_1B 2 0 0 0 29624.7 1.02185
W+1_RB1out_1B 3 12 11 0 90340.1 3.75145
W+1_RB1in_1B 1 16 0 0 80251 3.33249
W+1_RB4_2+F 1 0 0 0 462298 18.6489
W+1_RB3_2F 0 0 0 0 33679.2 1.81759
W+1_RB4_2+B 0 0 0 0 493237 21.3096
W+1_RB3_2B 0 0 0 0 48674.9 2.81338
W+1_RB2in_2F 1 0 0 0 42531.7 2.0129
W+1_RB2in_2C 0 0 0 0 35820.6 1.81912
W+1_RB2in_2B 0 4 0 0 21728.4 1.13933
W+1_RB2out_2F 0 0 0 0 58844.1 1.89517
W+1_RB1out_2F 0 0 0 0 198449 7.69444
W+1_RB1in_2F 0 0 0 0 319716 12.3963
W+1_RB2out_2B 2 0 0 0 66669.7 2.29965
W+1_RB1out_2B 1 0 0 0 106459 4.42078
W+1_RB1in_2B 0 0 0 0 178859 7.42726
W+1_RB4_3+F 1 0 0 0 826906 33.357
W+1_RB3_3F 0 0 0 0 22393.3 1.20852
W+1_RB4_3+B 1 1 0 0 790228 34.1407
W+1_RB3_3B 0 0 0 0 20507.6 1.18533
W+1_RB2in_3F 0 0 0 0 66875.9 3.16503
W+1_RB2in_3C 0 0 0 0 81470.8 4.13742
W+1_RB2in_3B 0 0 0 0 52285.1 2.74157
W+1_RB2out_3F 0 0 0 0 60141.6 1.93695
W+1_RB1out_3F 0 0 0 0 79943 3.09962
W+1_RB1in_3F 0 0 0 0 202500 7.8515
W+1_RB2out_3B 0 0 0 0 21642.3 0.746513
W+1_RB1out_3B 0 0 0 0 39649.1 1.64646
W+1_RB1in_3B 2 0 0 0 100672 4.18048
W+1_RB4_10-F 0 5 5 0 13949.1 0.449251
W+1_RB4_10+F 0 1 0 0 7170.98 0.230952
W+1_RB3_10F 0 0 0 0 11882.2 0.641256
W+1_RB4_10-B 0 2 0 0 15180.5 0.523625
W+1_RB4_10+B 0 0 0 0 6000.05 0.206961
W+1_RB3_10B 1 0 0 0 11746.9 0.678965
W+1_RB2in_10F 0 0 0 0 32947.8 1.55932
W+1_RB2in_10C 0 0 0 0 25905.4 1.31558
W+1_RB2in_10B 0 0 0 0 20426.3 1.07105
W+1_RB2out_10F 0 0 0 0 49224.5 1.58535
W+1_RB1out_10F 0 0 0 0 244957 9.49768
W+1_RB1in_10F 0 0 0 0 146819 5.69259
W+1_RB2out_10B 0 0 0 0 36955 1.2747
W+1_RB1out_10B 0 0 0 0 137461 5.70818
W+1_RB1in_10B 0 0 0 0 93933.6 3.90067
W+1_RB4_11F 0 0 0 0 12965.2 0.523011
W+1_RB3_11F 1 1 0 0 14831.1 0.800398
W+1_RB4_11B 0 0 0 0 10783.5 0.465886
W+1_RB3_11B 0 0 0 0 12490.1 0.721923
W+1_RB2in_11F 0 0 0 0 29265.9 1.38507
W+1_RB2in_11C 0 1 0 0 22444.3 1.13981
W+1_RB2in_11B 0 0 0 0 12591.6 0.660241
W+1_RB2out_11F 0 0 0 0 52576.4 1.6933
W+1_RB1out_11F 0 0 0 0 213475 8.27705
W+1_RB1in_11F 0 0 0 0 268020 10.3919
W+1_RB2out_11B 0 1 0 0 38535.9 1.32923
W+1_RB1out_11B 12 0 0 1 177140 7.35587
W+1_RB1in_11B 0 0 0 0 175889 7.30394
W+1_RB4_12+F 0 0 0 0 198621 8.01228
W+1_RB3_12F 0 0 0 0 20697.7 1.117
W+1_RB4_12+B 1 0 0 0 164195 7.0938
W+1_RB3_12B 1 0 0 0 15295.7 0.884085
W+1_RB2in_12F 0 0 0 0 98969.8 4.68394
W+1_RB2in_12C 0 0 0 0 94068.9 4.77721
W+1_RB2in_12B 0 0 0 0 105315 5.5222
W+1_RB2out_12F 0 0 0 0 111226 3.58221
W+1_RB1out_12F 0 0 0 0 153320 5.94467
W+1_RB1in_12F 0 0 0 0 236638 9.17516
W+1_RB2out_12B 0 0 0 0 131812 4.54662
W+1_RB1out_12B 0 0 0 0 81239.7 3.37355
W+1_RB1in_12B 3 13 0 0 116434 4.83502
