322355  -61876049587
RE-4_2_33 0 1 0 0 244457 20.6037
RE-4_2_34 0 2 0 0 245375 20.681
RE-4_2_35 0 1 0 1 306588 25.8403
RE-4_3_33 0 0 0 0 257858 13.0845
RE-4_3_34 0 0 0 0 347176 17.6167
RE-4_3_35 1 1 0 0 320399 16.258
RE-4_2_36 0 2 0 0 260360 21.944
RE-4_2_01 0 1 0 0 283591 23.902
RE-4_2_02 0 1 0 0 302221 25.4722
RE-4_3_36 0 1 0 0 352034 17.8632
RE-4_3_01 2 1 0 0 355899 18.0594
RE-4_3_02 0 0 0 0 360406 18.2881
RE-4_2_03 0 1 0 0 269473 22.7121
RE-4_2_04 0 1 0 0 310114 26.1375
RE-4_2_05 0 2 0 0 288246 24.2944
RE-4_3_03 1 0 0 0 363807 18.4606
RE-4_3_04 0 0 0 0 349464 17.7328
RE-4_3_05 0 1 0 0 321974 16.3379
RE-4_2_06 0 1 0 0 295382 24.8958
RE-4_2_07 0 0 0 0 347408 29.2807
RE-4_2_08 0 1 0 0 334447 28.1884
RE-4_3_06 0 1 0 0 348768 17.6975
RE-4_3_07 0 0 0 0 433503 21.9972
RE-4_3_08 0 0 0 0 300759 15.2614
RE-4_2_27 0 0 0 0 264885 22.3254
RE-4_2_28 0 1 0 0 319617 26.9385
RE-4_2_29 0 2 0 0 280814 23.668
RE-4_3_27 0 0 0 0 308084 15.6331
RE-4_3_28 0 0 0 0 335456 17.022
RE-4_3_29 0 0 0 0 297418 15.0918
RE-4_2_30 0 6 0 0 128640 10.8422
RE-4_2_31 0 2 0 0 243735 20.5429
RE-4_2_32 0 1 0 0 242516 20.4401
RE-4_3_30 0 3 0 0 243092 12.3352
RE-4_3_31 0 2 0 0 185571 9.41643
RE-4_3_32 0 1 0 0 215677 10.9441
RE-3_2_33 0 1 0 0 168433 14.1961
RE-3_2_34 0 0 0 0 167204 14.0925
RE-3_2_35 0 0 0 0 142344 11.9973
RE-3_3_33 0 0 0 0 93565.2 4.74777
RE-3_3_34 0 0 0 0 90614 4.59802
RE-3_3_35 0 0 0 0 107685 5.46425
RE-3_2_36 0 0 0 0 141997 11.968
RE-3_2_01 1 0 0 0 150989 12.7259
RE-3_2_02 1 0 0 0 174222 14.6841
RE-3_3_36 0 0 0 0 109455 5.55409
RE-3_3_01 0 0 0 0 93494.7 4.74419
RE-3_3_02 0 0 0 0 117429 5.95869
RE-3_2_03 0 1 0 0 162576 13.7025
RE-3_2_04 0 1 0 0 149266 12.5807
RE-3_2_05 0 0 0 0 158241 13.3371
RE-3_3_03 0 0 0 0 117674 5.97114
RE-3_3_04 0 1 0 0 112384 5.7027
RE-3_3_05 1 0 0 0 109568 5.55979
RE-3_2_06 0 0 0 0 169591 14.2938
RE-3_2_07 0 1 0 0 142043 11.9719
RE-3_2_08 0 0 0 0 209790 17.6818
RE-3_3_06 0 1 0 0 147660 7.49271
RE-3_3_07 0 0 0 0 76080.2 3.86053
RE-3_3_08 0 0 0 0 114534 5.81181
RE-3_2_27 0 0 0 0 139368 11.7464
RE-3_2_28 1 0 0 0 178164 15.0163
RE-3_2_29 0 1 0 0 126154 10.6327
RE-3_3_27 0 0 0 0 73951.3 3.7525
RE-3_3_28 0 0 0 0 41096.6 2.08536
RE-3_3_29 0 0 0 0 67681.1 3.43433
RE-3_2_30 1 0 0 0 84261.6 7.10186
RE-3_2_31 0 0 0 0 178941 15.0818
RE-3_2_32 1 1 0 0 160981 13.568
RE-3_3_30 0 1 0 0 87925.8 4.46161
RE-3_3_31 0 0 0 0 63049.9 3.19933
RE-3_3_32 0 2 0 0 55320.3 2.80711
