322355  -61876049587
W-1_RB4_1+F 45 0 0 0 584088 23.5618
W-1_RB3_1F 1 13 70 0 0 0
W-1_RB4_1+B 46 0 1 0 503095 21.7355
W-1_RB3_1B 0 5 79 0 0 0
W-1_RB2in_1F 0 0 0 0 32677.4 1.54652
W-1_RB2in_1C 0 1 0 0 107205 5.4443
W-1_RB2in_1B 0 0 0 0 14479 0.759206
W-1_RB2out_1F 0 0 0 0 44794 1.44266
W-1_RB1out_1F 0 0 0 0 152542 5.91451
W-1_RB1in_1F 1 0 0 0 205432 7.96522
W-1_RB2out_1B 0 4 0 0 36925 1.27366
W-1_RB1out_1B 0 0 0 0 100105 4.15694
W-1_RB1in_1B 0 0 0 0 106757 4.43318
W-1_RB4_2+F 4 29 85 0 0 0
W-1_RB3_2F 0 0 0 0 21833.5 1.1783
W-1_RB4_2+B 9 4 86 0 0 0
W-1_RB3_2B 0 0 0 0 24807.9 1.43388
W-1_RB2in_2F 0 0 0 0 66684 3.15595
W-1_RB2in_2C 0 0 0 0 66768.6 3.39078
W-1_RB2in_2B 0 1 0 0 32653.2 1.71218
W-1_RB2out_2F 1 0 0 0 36357.5 1.17095
W-1_RB1out_2F 0 0 0 0 227924 8.83728
W-1_RB1in_2F 0 0 0 0 243009 9.42216
W-1_RB2out_2B 0 1 0 0 21603.2 0.745163
W-1_RB1out_2B 0 1 0 0 252863 10.5003
W-1_RB1in_2B 1 0 0 0 199209 8.27233
W-1_RB4_3+F 0 0 0 0 455488 21.7639
W-1_RB3_3F 0 0 0 0 17936.7 1.14658
W-1_RB4_3+B 0 0 0 0 535038 27.7435
W-1_RB3_3B 1 0 0 0 16939.5 1.17511
W-1_RB2in_3F 0 0 0 0 56160.1 3.44676
W-1_RB2in_3C 0 0 0 0 83165.6 4.22349
W-1_RB2in_3B 0 0 0 0 28938.7 2.0329
W-1_RB2out_3F 0 0 0 0 38045.2 1.45135
W-1_RB1out_3F 1 0 0 0 213517 9.80596
W-1_RB1in_3F 1 0 0 0 199355 9.15557
W-1_RB2out_3B 0 4 0 0 27257.9 1.12845
W-1_RB1out_3B 2 0 0 0 114800 5.72159
W-1_RB1in_3B 3 0 0 0 130734 6.51573
W-1_RB4_10+F 0 0 0 0 16624.3 0.53541
W-1_RB4_10-F 0 1 0 0 9639.94 0.310469
W-1_RB3_10F 0 0 0 0 13772.7 0.743283
W-1_RB4_10+B 2 0 0 0 15666.8 0.540398
W-1_RB4_10-B 4 0 0 0 10825.3 0.373398
W-1_RB3_10B 1 0 0 0 15149 0.875603
W-1_RB2in_10F 0 0 0 0 21841.8 1.03371
W-1_RB2in_10C 0 0 0 0 17217.4 0.874368
W-1_RB2in_10B 0 0 0 0 16140.5 0.846326
W-1_RB2out_10F 0 0 0 0 54394.4 1.75185
W-1_RB1out_10F 0 0 0 0 157375 6.10187
W-1_RB1in_10F 0 0 0 0 244093 9.46421
W-1_RB2out_10B 0 0 0 0 43862.9 1.51297
W-1_RB1out_10B 0 0 0 0 90439.4 3.75557
W-1_RB1in_10B 0 0 0 0 163490 6.78906
W-1_RB4_11F 0 0 0 0 10854.3 0.437855
W-1_RB3_11F 27 6 11 1 290392 15.6718
W-1_RB4_11B 0 0 0 0 14049.1 0.606973
W-1_RB3_11B 42 20 0 0 95923.7 5.54434
W-1_RB2in_11F 0 0 0 0 34792.4 1.64662
W-1_RB2in_11C 0 0 0 0 34088.3 1.73114
W-1_RB2in_11B 0 0 0 0 14463.1 0.758374
W-1_RB2out_11F 0 0 0 0 52091.4 1.67768
W-1_RB1out_11F 0 0 0 0 188788 7.31984
W-1_RB1in_11F 0 0 0 0 254674 9.87445
W-1_RB2out_11B 0 0 0 0 31622.6 1.09076
W-1_RB1out_11B 0 0 0 0 125945 5.22997
W-1_RB1in_11B 0 0 0 0 181447 7.53475
W-1_RB4_12+F 0 0 0 0 149252 6.02076
W-1_RB3_12F 1 0 41 0 6633.53 0.357996
W-1_RB4_12+B 0 0 0 0 115828 5.0042
W-1_RB3_12B 2 0 40 0 5687.61 0.328741
W-1_RB2in_12F 0 0 0 0 41617.5 1.96963
W-1_RB2in_12C 0 0 0 0 38840.6 1.97249
W-1_RB2in_12B 1 0 0 0 25395.5 1.33161
W-1_RB2out_12F 0 0 0 0 29637.4 0.954517
W-1_RB1out_12F 7 0 0 0 119381 4.62873
W-1_RB1in_12F 0 0 0 0 220710 8.55759
W-1_RB2out_12B 0 0 0 0 21682.3 0.747891
W-1_RB1out_12B 0 0 0 0 81275.7 3.37504
W-1_RB1in_12B 0 0 0 0 136633 5.6738
