322355  -61876049587
RE+4_2_33 0 0 0 0 189981 16.0123
RE+4_2_34 0 1 0 0 247641 20.872
RE+4_2_35 0 2 0 0 292047 24.6147
RE+4_3_33 0 0 0 0 214019 10.8599
RE+4_3_34 0 0 0 0 279671 14.1913
RE+4_3_35 0 1 0 0 288179 14.623
RE+4_2_36 0 1 0 0 231080 19.4762
RE+4_2_01 0 1 0 0 294976 24.8616
RE+4_2_02 0 1 0 0 317345 26.7469
RE+4_3_36 0 0 0 0 309755 15.7178
RE+4_3_01 0 0 0 0 343415 17.4259
RE+4_3_02 0 9 0 0 305923 15.5234
RE+4_2_03 0 0 0 0 232515 19.5971
RE+4_2_04 0 2 0 0 289684 24.4156
RE+4_2_05 0 1 0 0 229635 19.3544
RE+4_3_03 0 1 0 0 319591 16.217
RE+4_3_04 0 1 0 0 355882 18.0585
RE+4_3_05 0 1 0 0 340271 17.2663
RE+4_2_06 0 1 0 0 223625 18.8479
RE+4_2_07 0 2 0 0 247457 20.8565
RE+4_2_08 0 1 0 1 468128 39.4555
RE+4_3_06 0 0 0 0 391689 19.8754
RE+4_3_07 0 0 0 0 443363 22.4975
RE+4_3_08 0 0 0 0 473320 24.0176
RE+4_2_27 0 0 0 0 312044 26.3002
RE+4_2_28 0 2 0 0 253435 21.3604
RE+4_2_29 0 0 0 0 301459 25.408
RE+4_3_27 0 0 0 0 265274 13.4608
RE+4_3_28 0 0 0 0 274506 13.9292
RE+4_3_29 0 0 0 0 277639 14.0882
RE+4_2_30 0 0 0 0 306428 25.8268
RE+4_2_31 0 0 0 0 268629 22.641
RE+4_2_32 0 0 0 0 145168 12.2353
RE+4_3_30 0 0 0 0 269254 13.6627
RE+4_3_31 0 0 0 0 164664 8.35551
RE+4_3_32 0 0 0 0 162438 8.24255
RE+3_2_03 0 0 0 0 176265 14.8562
RE+3_2_04 0 0 0 0 107232 9.03792
RE+3_2_05 0 0 0 0 97334.6 8.2037
RE+3_3_03 0 0 0 0 143392 7.2761
RE+3_3_04 0 0 0 0 149224 7.57207
RE+3_3_05 0 8 0 0 132889 6.7432
RE+3_2_06 0 0 0 0 170399 14.3618
RE+3_2_07 0 0 0 0 147789 12.4562
RE+3_2_08 0 1 0 0 166056 13.9958
RE+3_3_06 0 1 0 0 109334 5.54792
RE+3_3_07 0 0 0 0 159381 8.08746
RE+3_3_08 0 0 0 0 160102 8.12405
RE+3_2_33 0 0 0 0 159630 13.4542
RE+3_2_34 0 0 0 0 178425 15.0382
RE+3_2_35 0 0 0 0 152255 12.8326
RE+3_3_33 0 0 0 0 56686.1 2.87642
RE+3_3_34 0 0 0 0 97370 4.94083
RE+3_3_35 0 0 0 0 126731 6.43072
RE+3_2_36 0 0 0 0 160637 13.539
RE+3_2_01 0 0 0 0 148209 12.4915
RE+3_2_02 0 0 0 0 167030 14.0779
RE+3_3_36 0 0 0 0 66027.7 3.35044
RE+3_3_01 0 0 0 0 122488 6.2154
RE+3_3_02 0 0 0 0 136636 6.93333
RE+3_2_27 0 0 0 0 143008 12.0532
RE+3_2_28 0 0 0 0 179370 15.1179
RE+3_2_29 0 0 0 0 181833 15.3255
RE+3_3_27 0 0 0 0 77626.8 3.93901
RE+3_3_28 0 0 0 0 86372.4 4.38279
RE+3_3_29 1 0 0 0 45819.3 2.32501
RE+3_2_30 0 0 0 0 126703 10.6789
RE+3_2_31 0 0 0 0 152171 12.8255
RE+3_2_32 0 0 0 0 162417 13.6891
RE+3_3_30 0 0 0 0 83920.9 4.25839
RE+3_3_31 0 0 0 0 50151.6 2.54484
RE+3_3_32 0 0 0 0 75424.7 3.82727
