322355  -61876049587
RE-1_2_09 0 0 0 0 79772 6.77921
RE-1_2_10 0 0 0 0 108863 9.2514
RE-1_2_11 0 0 0 0 76659.7 6.51472
RE-1_3_09 0 0 0 0 46818.5 2.61456
RE-1_3_10 10 24 0 0 24053.7 1.34327
RE-1_3_11 0 0 0 0 25785.7 1.43999
RE-2_2_11 0 0 0 0 166535 14.0362
RE-2_2_12 0 0 0 0 152927 12.8893
RE-2_2_13 0 1 0 0 178216 15.0207
RE-2_3_11 0 0 0 0 88667.9 4.49927
RE-2_3_12 0 0 0 0 69473.5 3.52529
RE-2_3_13 1 1 0 0 76295.1 3.87144
RE-1_2_12 3 0 0 0 109204 9.28038
RE-1_2_13 0 0 0 0 74082.7 6.29572
RE-1_2_14 0 0 0 0 118497 10.0702
RE-1_3_12 0 0 0 0 32604.1 1.82076
RE-1_3_13 0 0 0 0 31026.1 1.73264
RE-1_3_14 0 0 0 0 31423.2 1.75482
RE-2_2_14 0 1 0 0 198535 16.7332
RE-2_2_15 0 2 0 0 157593 13.2825
RE-2_2_16 0 1 0 0 183544 15.4698
RE-2_3_14 0 0 0 0 53740.9 2.72697
RE-2_3_15 0 0 0 0 66859.5 3.39265
RE-2_3_16 0 0 0 0 65582.8 3.32786
RE-1_2_15 0 0 0 0 91413.9 7.76857
RE-1_2_16 0 0 0 0 114743 9.75115
RE-1_2_17 0 0 0 0 78079 6.63533
RE-1_3_15 0 0 0 0 31582 1.76368
RE-1_3_16 0 0 0 0 48883.7 2.72989
RE-1_3_17 0 0 0 0 30770.4 1.71836
RE-2_2_17 0 0 0 0 179230 15.1061
RE-2_2_18 0 0 0 0 171332 14.4405
RE-2_2_19 0 1 0 0 188878 15.9193
RE-2_3_17 0 0 0 0 96478.2 4.89558
RE-2_3_18 0 1 0 0 66614.3 3.3802
RE-2_3_19 0 0 0 0 82152.5 4.16865
RE-1_2_18 0 0 0 0 98574.1 8.37706
RE-1_2_19 0 0 0 0 93617.7 7.95585
RE-1_2_20 0 0 0 0 89007.7 7.56408
RE-1_3_18 0 0 0 0 46613.9 2.60313
RE-1_3_19 0 0 0 0 30873.5 1.72412
RE-1_3_20 0 0 0 0 83470.5 4.66137
RE-2_2_20 1 0 0 0 182078 15.3461
RE-2_2_21 0 1 0 0 182682 15.3971
RE-2_2_22 0 1 0 0 185566 15.6401
RE-2_3_20 0 0 0 0 88566.4 4.49412
RE-2_3_21 0 0 0 0 80804.7 4.10026
RE-2_3_22 0 0 0 0 56296.8 2.85666
RE-1_2_21 0 0 0 0 83276.4 7.07703
RE-1_2_22 0 0 0 0 99757.1 8.47759
RE-1_2_23 0 0 0 0 70552.1 5.99569
RE-1_3_21 1 0 0 0 44761.4 2.49968
RE-1_3_22 0 0 0 0 25108.4 1.40217
RE-1_3_23 0 0 0 0 22583.2 1.26115
RE-2_2_23 1 1 0 0 160445 13.5229
RE-2_2_24 0 0 0 0 182330 15.3674
RE-2_2_25 0 1 0 0 183930 15.5023
RE-2_3_23 0 1 0 0 76271.2 3.87022
RE-2_3_24 0 0 0 0 60678.9 3.07902
RE-2_3_25 0 0 0 0 57383.1 2.91179
RE-1_2_24 0 0 0 0 89176 7.57839
RE-1_2_25 1 0 0 0 76191.1 6.4749
RE-1_2_26 1 0 0 0 90142.9 7.66055
RE-1_3_24 0 0 0 0 31126.3 1.73824
RE-1_3_25 0 0 0 0 17263.1 0.964049
RE-1_3_26 0 0 0 0 24559.3 1.3715
RE-2_2_26 0 1 0 0 187713 15.8211
RE-2_2_27 0 0 0 0 174433 14.7018
RE-2_2_28 2 0 0 0 186653 15.7318
RE-2_3_26 0 0 0 0 66999.7 3.39976
RE-2_3_27 0 0 0 0 25523.3 1.29512
RE-2_3_28 0 0 0 0 46073 2.33788
