W-1_RB4_6+F 59 59.7333 159.475
W-1_RB4_6+F 61 59.7333 201.986
W-1_RB4_6+F 62 59.7333 196.387
W-1_RB4_6+F 64 59.7333 217.403
W-1_RB4_6+F 65 59.7333 373.799
W-1_RB4_6+F 66 59.7333 352.142
W-1_RB4_6+F 69 59.7333 370.041
W-1_RB4_6+F 71 59.7333 392.131
W-1_RB4_6+F 73 59.7333 143.634
W-1_RB4_6+F 74 59.7333 135.174
W-1_RB4_6+F 75 59.7333 125.016
W-1_RB4_6+F 76 59.7333 119.75
W-1_RB4_6+F 77 59.7333 139.381
W-1_RB4_6+F 78 59.7333 131.456
W-1_RB4_6+F 79 59.7333 146.804
W-1_RB4_6+F 80 59.7333 155.391
W-1_RB4_6+F 82 59.7333 167.059
W-1_RB4_6+F 83 59.7333 147.979
W-1_RB4_6+F 84 59.7333 200.601
W-1_RB4_6+F 85 59.7333 180.325
W-1_RB4_6+F 86 59.7333 145.065
W-1_RB4_6+F 87 59.7333 146.361
W-1_RB4_6+F 88 59.7333 132.399
W-1_RB4_6+F 89 59.7333 148.539
W-1_RB4_6+F 90 59.7333 130.031
W-1_RB4_6+F 91 59.7333 126.688
W-1_RB4_6+F 93 59.7333 107.453
W-1_RB4_6+F 94 59.7333 82.0386
W-1_RB4_6+F 96 59.7333 94.8278
W-1_RB4_6+B 49 60.2 1123.72
W-1_RB4_6+B 50 58.7333 89.2588
W-1_RB4_6+B 51 60.2 527.403
W-1_RB4_6+B 52 60.2 1507.45
W-1_RB4_6+B 53 60.2 513.986
W-1_RB4_6+B 54 60.2 793.666
W-1_RB4_6+B 55 60.2 409.924
W-1_RB4_6+B 56 60.2 291.683
W-1_RB4_6+B 57 60.2 136.671
W-1_RB4_6+B 58 60.2 137.908
W-1_RB4_6+B 59 60.2 142.512
W-1_RB4_6+B 60 60.2 137.588
W-1_RB4_6+B 61 60.2 136.427
W-1_RB4_6+B 62 60.2 145.681
W-1_RB4_6+B 63 60.2 140.804
W-1_RB4_6+B 64 60.2 143.273
W-1_RB4_6+B 68 60.2 206.524
W-1_RB4_6+B 69 60.2 227.706
W-1_RB4_6+B 74 60.2 191.439
W-1_RB4_6+B 75 60.2 178.115
W-1_RB4_6+B 76 60.2 172.373
W-1_RB4_6+B 77 60.2 161.391
W-1_RB4_6+B 78 60.2 225.746
W-1_RB4_6+B 79 60.2 241.17
W-1_RB4_6+B 80 60.2 265.956
W-1_RB4_6+B 81 60.2 170.093
W-1_RB4_6+B 82 60.2 169.354
W-1_RB4_6+B 83 60.2 169.093
W-1_RB4_6+B 84 60.2 151.217
W-1_RB4_6+B 85 60.2 155.494
W-1_RB4_6+B 86 60.2 159.524
W-1_RB4_6+B 87 60.2 169.101
W-1_RB4_6+B 88 60.2 160.767
W-1_RB4_6+B 89 60.2 165.965
W-1_RB4_6+B 90 60.2 221.823
W-1_RB4_6+B 91 60.2 289.069
W-1_RB4_6+B 92 60.2 199.675
W-1_RB4_6+B 93 60.2 320.007
W-1_RB4_6+B 94 60.2 252.203
W-1_RB4_6+B 95 60.2 235.897
W-1_RB4_6+B 96 60.2 187.689
W+1_RB3_1F 95 56.25 293.431
W+1_RB1out_10F 96 67.3167 119.836
W+1_RB1out_11B 2 69.7333 208.426
W+1_RB2in_4B 5 18.0833 1920.7
W+1_RB2in_4B 7 16.3167 1727.53
W+1_RB2in_4B 8 40.25 1696.44
W+1_RB2in_4B 9 41.1667 1343.86
W+1_RB2in_4B 11 27.3 850.112
W+1_RB2in_4B 12 40.2667 1120.79
W+1_RB2in_4B 19 47.2 1684.42
W+1_RB2in_4B 27 33.3333 1463.32
W+1_RB2in_4B 42 33.1333 1585.52
W+1_RB2in_4B 43 21.6333 1145.01
W+1_RB2in_4B 44 26.6167 1340.72
W+1_RB2in_4B 82 24.0333 1795.21
W+1_RB2in_4B 85 34.7 2152.92
W+1_RB2in_4B 86 45.6333 4776.88
W+1_RB2in_4B 89 17.6833 569.457
W+1_RB2in_4B 90 25.4 1017.32
W+1_RB2in_4B 91 27.1 957.858
W+1_RB1in_6F 66 59.1667 4123
W+1_RB1in_6F 67 59.1667 1576.76
W+1_RB1in_6F 68 59.1667 2648.54
W+1_RB1in_6F 69 59.1667 2285.85
W+1_RB1in_6F 70 59.1667 2232.4
W+1_RB1in_6F 71 59.1667 3179.94
W+1_RB1in_6F 72 59.1667 548.859
W+1_RB1out_7B 2 62.85 433.513
W+1_RB3_8F 2 64.2333 157.624
W+1_RB3_8B 2 64.5833 383.479
W+1_RB1in_9F 96 60.85 115.898
W+2_RB2in_5B 2 52.2167 169.673
W+2_RB1out_8B 51 65.6833 241.052
W+2_RB1out_8B 52 62.9 203.476
W+2_RB1out_8B 54 48.9667 159.393
W0_RB2in_5F 35 21.8833 765.648
W0_RB3_8B 2 67.3333 158.831
W+2_RB2out_3B 11 25.2667 462.28
W+2_RB2out_3B 38 21.2167 589.747
W+2_RB2out_3B 39 49.5167 1007.65
W+2_RB2out_3B 41 17.3833 315.931
W+2_RB2out_3B 44 33.85 389.114
W+2_RB2out_3B 55 39.8333 364.937
W+2_RB2out_3B 68 31.4167 454.972
W+2_RB2out_3B 73 43.0667 828.105
W+2_RB2out_3B 74 55.0167 1150.32
W+2_RB2out_3B 75 46.2167 973.902
W+2_RB2out_3B 76 50.5833 1098.71
W+2_RB2out_3B 77 50.9333 1031.32
W+2_RB2out_3B 78 49.55 890.515
W+2_RB2out_3B 80 36.0833 761.888
W+2_RB2out_3B 91 41.5167 791.336
W+2_RB2out_3B 94 27.2333 596.398
W+2_RB2out_3B 95 37.5 712.956
W+2_RB2out_3B 96 43.95 514.856
W+2_RB2out_12F 3 69.3 1203.77
W+2_RB2out_12F 4 69.3 787.225
W+2_RB2out_12F 5 23.6 212.874
W+2_RB2out_12F 6 17.25 225.176
W+2_RB2out_12F 7 56.35 362.283
W+2_RB2out_12F 8 69.3 1874.3
W+2_RB2out_12F 9 69.3 791.678
W+2_RB2out_12F 11 69.3 875.106
W+2_RB2out_12F 12 69.3 1189.38
W+2_RB2out_12F 13 69.3 849.444
W+2_RB2out_12F 14 69.3 1311.52
W+2_RB2out_12F 15 69.3 1198.42
W+2_RB2out_12F 16 69.3 1788.49
W+2_RB2out_12F 19 69.3 3122.18
W+2_RB2out_12F 20 69.3 1649.14
W+2_RB2out_12F 21 69.3 5838.59
W+2_RB2out_12F 22 69.3 3284.44
W+2_RB2out_12F 23 69.3 2621.91
W+2_RB2out_12F 24 69.3 3632.4
W+2_RB2out_12F 26 69.3 3488.87
W+2_RB2out_12F 27 69.3 821.733
W+2_RB2out_12F 28 69.3 814.3
W+2_RB2out_12F 29 69.3 436.133
W+2_RB2out_12F 30 69.3 461.248
W+2_RB2out_12F 31 69.3 398.057
W+2_RB2out_12F 32 59.1333 323.813
W+2_RB2out_12F 35 69.3 771.966
W+2_RB2out_12F 36 69.3 719.762
W+2_RB2out_12F 37 69.3 3258.59
W+2_RB2out_12F 38 69.3 1865.74
W+2_RB2out_12F 39 69.3 1935.08
W+2_RB2out_12F 42 42.95 219.146
W+2_RB2out_12F 47 69.3 648.804
W+2_RB2out_12F 56 69.3 648.7
W+2_RB2out_12F 57 69.3 763.994
W+2_RB2out_12F 58 69.3 674.732
W+2_RB2out_12F 59 23.4333 187.678
W+2_RB2out_12F 61 65.0667 381.479
W+2_RB2out_12F 63 69.3 1427.16
W+2_RB2out_12F 67 69.3 288.111
W+2_RB2out_12F 69 58.8167 270.25
W+2_RB2out_12F 70 56.3333 199.02
W+2_RB2out_12F 74 32.4833 154.627
W+2_RB2out_12F 79 69.3 312.209
W+2_RB2out_12F 80 69.3 424.136
W+2_RB2out_12F 85 69.3 243.788
W+2_RB2out_12F 96 69.3 375.563
W+2_RB2out_12C 11 68.0833 449.895
W+2_RB2out_12C 12 69.4667 2095.87
W+2_RB2out_12C 15 65.5167 423.489
W+2_RB2out_12C 16 64.5 356.858
W+2_RB2out_12C 20 67.9667 474.988
W+2_RB2out_12C 23 60.1833 287.051
W+2_RB2out_12C 28 62.7167 290.616
W+2_RB2out_12C 37 45.5333 278.824
W+2_RB2out_12C 38 17.6833 178.647
W+2_RB2out_12C 42 69.4667 503.141
W+2_RB2out_12C 43 40.8667 247.919
W+2_RB2out_12C 44 17.9333 185.298
W+2_RB2out_12C 45 69.4667 4751.46
W+2_RB2out_12C 47 69.4667 789.394
W+2_RB2out_12C 48 69.4667 2482.99
W+2_RB2out_12C 57 20.4167 169.846
W+2_RB2out_12C 61 28.9667 189.915
W+2_RB2out_12C 84 53.2833 274.281
W+2_RB2out_12C 85 54.7833 294.434
W+2_RB2out_12C 86 29.0333 204.123
W+2_RB2out_12C 87 24.8667 203.482
W+2_RB2out_12C 91 30.7333 275.865
W+2_RB2out_12B 23 65.3833 427.758
W+2_RB2out_12B 26 69.6833 1885.49
W+2_RB2out_12B 27 69.6833 717.227
W+2_RB2out_12B 29 21.8833 217.947
W+2_RB2out_12B 31 69.6833 406.569
W+2_RB2out_12B 35 69.6833 1518.72
W+2_RB2out_12B 36 69.6833 3241.89
W+2_RB2out_12B 37 69.6833 974.075
W+2_RB2out_12B 38 69.6833 4458.96
W+2_RB2out_12B 39 69.6833 6469.77
W+2_RB2out_12B 40 69.6833 3140.65
W+2_RB2out_12B 42 69.6833 611.399
W+2_RB2out_12B 44 69.6833 472.779
W+2_RB2out_12B 45 69.6833 2193.03
W+2_RB2out_12B 47 69.6833 425.536
W+2_RB2out_12B 53 29.8833 263.585
W+2_RB2out_12B 54 62.1333 429.66
W+2_RB2out_12B 55 69.6833 803.025
W+2_RB2out_12B 58 52.8667 434.102
W+2_RB2out_12B 59 16.3833 243.651
W+2_RB2out_12B 60 58.65 474.669
W+2_RB2out_12B 61 49.8833 403.769
W+2_RB2out_12B 62 64.2667 445.821
W+2_RB2out_12B 63 69.6833 728.739
W+2_RB2out_12B 64 29.7167 217.699
W+2_RB2out_12B 73 69.6833 758.273
W+2_RB2out_12B 74 65.6333 418.906
W+2_RB2out_12B 75 69.6833 724.257
W+2_RB2out_12B 76 69.6833 3293.23
W+2_RB2out_12B 77 69.6833 1132.61
W+2_RB2out_12B 78 69.6833 974.95
W+2_RB2out_12B 79 68.2833 346.256
W+2_RB2out_12B 80 66.8167 362.613
W-2_RB3_4F 46 31.7333 72.4358
W-2_RB1out_4B 5 46.0833 223.151
W-2_RB4_5+F 10 49.6333 92.6701
W-2_RB4_5+F 11 40.7333 79.9462
W-2_RB4_5+F 12 53.5667 120.657
W-2_RB4_5+F 13 53.5667 136.237
W-2_RB4_5+F 14 53.5667 178.552
W-2_RB4_5+F 15 53.5667 239.759
W-2_RB4_5+F 16 53.5667 256.646
W-2_RB4_5+F 17 53.5667 175.935
W-2_RB4_5+F 18 53.5667 139.839
W-2_RB4_5+F 19 53.5667 175.577
W-2_RB4_5+F 20 53.5667 171.866
W-2_RB4_5+F 21 53.5667 165.276
W-2_RB4_5+F 22 53.5667 162.13
W-2_RB4_5+F 23 53.5667 215.155
W-2_RB4_5+F 24 53.5667 209.47
W-2_RB4_5+F 25 53.5667 236.147
W-2_RB4_5+F 26 53.5667 251.613
W-2_RB4_5+F 27 53.5667 276.646
W-2_RB4_5+F 28 53.5667 258.972
W-2_RB4_5+F 29 53.5667 243.574
W-2_RB4_5+F 30 53.5667 254.504
W-2_RB4_5+F 31 53.5667 249.376
W-2_RB4_5+F 32 53.5667 257.18
W-2_RB4_5+F 33 53.5667 272.516
W-2_RB4_5+F 34 53.5667 255.182
W-2_RB4_5+F 35 53.5667 301.376
W-2_RB4_5+F 36 53.5667 243.029
W-2_RB4_5+F 37 53.5667 240.133
W-2_RB4_5+F 38 53.5667 247.615
W-2_RB4_5+F 39 53.5667 256.575
W-2_RB4_5+F 40 53.5667 239.85
W-2_RB4_5+F 41 53.5667 255.649
W-2_RB4_5+F 42 53.5667 240.711
W-2_RB4_5+F 43 53.5667 227.691
W-2_RB4_5+F 44 53.5667 196.445
W-2_RB4_5+F 45 53.5667 189.393
W-2_RB4_5+F 46 53.5667 129.387
W-2_RB4_5+B 5 51.85 91.856
W-2_RB4_5+B 6 54.1 164.023
W-2_RB4_5+B 7 54.1 168.458
W-2_RB4_5+B 8 54.1 209.579
W-2_RB4_5+B 9 54.1 285.481
W-2_RB4_5+B 10 54.1 277.643
W-2_RB4_5+B 11 54.1 283.366
W-2_RB4_5+B 12 54.1 292.333
W-2_RB4_5+B 13 54.1 306.951
W-2_RB4_5+B 14 54.1 290.269
W-2_RB4_5+B 15 54.1 311.422
W-2_RB4_5+B 16 54.1 274.653
W-2_RB4_5+B 17 54.1 310.171
W-2_RB4_5+B 18 54.1 303.8
W-2_RB4_5+B 19 54.1 325.97
W-2_RB4_5+B 20 54.1 312.645
W-2_RB4_5+B 21 54.1 334.436
W-2_RB4_5+B 22 54.1 308.898
W-2_RB4_5+B 23 54.1 292.679
W-2_RB4_5+B 24 54.1 293.541
W-2_RB4_5+B 25 54.1 321.444
W-2_RB4_5+B 26 54.1 329.863
W-2_RB4_5+B 27 54.1 312.59
W-2_RB4_5+B 28 54.1 320.081
W-2_RB4_5+B 29 54.1 327.769
W-2_RB4_5+B 30 54.1 329.75
W-2_RB4_5+B 31 54.1 331.953
W-2_RB4_5+B 32 54.1 338.188
W-2_RB4_5+B 33 54.1 320.829
W-2_RB4_5+B 34 54.1 316.979
W-2_RB4_5+B 35 54.1 308.789
W-2_RB4_5+B 36 54.1 303.477
W-2_RB4_5+B 37 54.1 266.292
W-2_RB4_5+B 38 54.1 262.556
W-2_RB4_5+B 39 54.1 288.529
W-2_RB4_5+B 40 54.1 218.171
W-2_RB4_5+B 41 54.1 286.196
W-2_RB4_5+B 42 54.1 280.608
W-2_RB4_5+B 43 54.1 287.413
W-2_RB4_5+B 44 54.1 269.039
W-2_RB4_5+B 45 54.1 282.672
W-2_RB4_5+B 46 54.1 266.411
W-2_RB4_5+B 47 54.1 239.523
W-2_RB4_5+B 48 54.1 272.462
W-2_RB4_8+B 49 62.45 89.6831
W-2_RB2in_2F 51 18.1833 539.471
W-2_RB2in_2F 53 17.6167 256.057
W-2_RB4_3+B 73 56.2333 152.289
W-2_RB4_3+B 74 56.2333 149.753
W-2_RB4_3+B 75 56.2333 148.852
W-2_RB4_3+B 76 56.2333 151.446
W-2_RB4_3+B 77 56.2333 146.507
W-2_RB4_3+B 78 56.2333 148.502
W-2_RB4_3+B 79 56.2333 146.456
W-2_RB4_3+B 80 56.2333 149.696
W-2_RB4_3+B 81 56.2333 90.0501
W-2_RB4_3+B 82 44.0167 73.0519
W-2_RB4_3+B 83 24.7333 67.567
W-1_RB3_11F 35 39.0667 1343.25
W-1_RB3_11B 35 17.6 1342.46
W-1_RB3_11B 36 18.9 889.357
RE-1_2_29 17 78.2667 576.88
RE-4_2_13 25 27 355.249
RE-4_3_26 12 57.6833 505.299
RE-4_2_35 40 64.05 421.135
RE+1_2_29 33 62.0833 3116.44
RE+1_2_29 34 62.0833 2849.02
RE+1_2_29 35 62.0833 2619.5
RE+1_2_29 36 62.0833 2084.39
RE+4_3_22 2 63.0667 800.75
RE+4_3_22 3 67.4833 1022.49
RE+4_3_22 4 67.9833 1308.5
RE+4_3_22 5 67.5 845.57
RE+4_3_22 6 67.9833 1405.33
RE+4_3_22 7 41.4333 366.672
RE+4_3_22 8 67.9833 1143.47
RE+4_2_08 10 65.85 756.176
