322633  -61885726387
W0_RB4_4+F 1 0 0 0 390383 21.0681
W0_RB4_4-F 0 0 0 0 297469 16.0537
W0_RB3_4F 5 1 38 0 7535.87 0.406693
W0_RB4_4+B 0 0 0 0 438784 25.3615
W0_RB4_4-B 0 0 0 0 305945 17.6834
W0_RB3_4B 0 0 42 0 8887.31 0.513682
W0_RB2in_4F 0 0 0 0 16191.4 0.766288
W0_RB2in_4C 0 0 0 0 16791.9 0.852761
W0_RB2in_4B 0 0 0 0 19594.2 1.02743
W0_RB2out_4F 0 0 0 0 16129.6 0.519479
W0_RB1out_4F 0 1 0 0 51575.1 1.99972
W0_RB1in_4F 0 0 0 0 43030.8 1.66843
W0_RB2out_4B 3 0 0 0 13726.4 0.473468
W0_RB1out_4B 1 1 0 0 47462.2 1.97091
W0_RB1in_4B 0 0 0 0 38068.3 1.58082
W0_RB4_5+F 0 0 0 0 447807 18.0643
W0_RB3_5F 0 0 0 0 13226 0.713778
W0_RB4_5+B 3 0 0 0 526801 22.7597
W0_RB3_5B 0 0 0 0 11261.6 0.650913
W0_RB2in_5F 0 43 1 1 108483 5.13418
W0_RB2in_5C 0 0 0 0 13128.5 0.666718
W0_RB2in_5B 0 0 0 0 9027.17 0.473341
W0_RB2out_5F 0 0 0 0 22068.4 0.710746
W0_RB1out_5F 1 0 0 0 52345.1 2.02957
W0_RB1in_5F 0 0 0 0 176909 6.85928
W0_RB2out_5B 0 0 0 0 25935 0.894582
W0_RB1out_5B 1 0 0 0 87947.2 3.65208
W0_RB1in_5B 1 0 0 0 54862.2 2.2782
W0_RB4_6+F 0 0 0 0 267509 10.7912
W0_RB3_6F 1 0 0 0 8137.42 0.439158
W0_RB4_6+B 0 0 0 0 284500 12.2915
W0_RB3_6B 1 0 0 0 8997.77 0.520066
W0_RB2in_6F 2 0 0 0 21808.4 1.03213
W0_RB2in_6C 0 0 0 0 23165.3 1.17643
W0_RB2in_6B 0 0 0 0 19827.5 1.03966
W0_RB2out_6F 1 0 0 0 41995 1.35251
W0_RB1out_6F 1 0 0 0 51881.8 2.01161
W0_RB1in_6F 1 0 0 0 74076.5 2.87216
W0_RB2out_6B 2 0 0 0 32858.5 1.1334
W0_RB1out_6B 1 0 0 0 64090.1 2.6614
W0_RB1in_6B 0 0 0 0 53768.8 2.2328
W0_RB4_7+F 37 44 59 0 0 0
W0_RB3_7F 0 0 0 0 16630.4 0.897507
W0_RB4_7+B 38 45 58 0 0 0
W0_RB3_7B 0 0 0 0 11747.8 0.679014
W0_RB2in_7F 0 0 0 0 13283.5 0.628666
W0_RB2in_7C 0 0 0 0 11203.3 0.568951
W0_RB2in_7B 0 0 0 0 12380.8 0.649187
W0_RB2out_7F 1 1 0 0 21372.6 0.688337
W0_RB1out_7F 0 1 0 0 53069.3 2.05765
W0_RB1in_7F 0 0 0 0 37833.5 1.46692
W0_RB2out_7B 3 0 0 0 33886.5 1.16885
W0_RB1out_7B 0 0 0 0 44534.2 1.84932
W0_RB1in_7B 0 0 0 0 46104.1 1.91451
W0_RB4_8+F 0 0 0 0 112185 6.05438
W0_RB3_8F 7 1 1 0 13271.9 0.716254
W0_RB4_8+B 0 5 0 0 98402.7 5.68762
W0_RB3_8B 0 0 0 1 87294 5.04555
W0_RB2in_8F 0 0 0 0 31113.2 1.47249
W0_RB2in_8C 0 0 0 0 39653.9 2.01379
W0_RB2in_8B 0 0 0 0 18465.9 0.96826
W0_RB2out_8F 1 1 0 0 95156.3 3.06465
W0_RB1out_8F 0 0 0 0 52547.7 2.03743
W0_RB1in_8F 0 0 0 0 31401.6 1.21753
W0_RB2out_8B 0 0 0 0 23070.7 0.795782
W0_RB1out_8B 0 0 0 0 35971.9 1.49376
W0_RB1in_8B 0 0 0 0 26842.5 1.11466
W0_RB4_9F 0 0 0 0 8861.2 0.357456
W0_RB3_9F 0 0 0 0 11730.2 0.63305
W0_RB4_9B 3 0 0 0 9274.2 0.400679
W0_RB3_9B 0 0 0 0 13580.5 0.784945
W0_RB2in_9F 0 1 0 0 19172.9 0.907395
W0_RB2in_9C 0 0 0 0 16065.7 0.815881
W0_RB2in_9B 0 0 0 0 14228.1 0.746052
W0_RB2out_9F 0 1 0 0 20577.4 0.662727
W0_RB1out_9F 8 0 0 0 48134.4 1.86631
W0_RB1in_9F 1 1 0 0 90913.2 3.52497
W0_RB2out_9B 0 1 0 0 18322.2 0.631991
W0_RB1out_9B 1 0 0 0 37268.4 1.5476
W0_RB1in_9B 0 0 0 0 91393.9 3.79521
