322633  -61885726387
RE+4_2_09 0 0 0 0 359701 30.3169
RE+4_2_10 0 0 0 0 353468 29.7915
RE+4_2_11 0 0 0 0 288859 24.346
RE+4_3_09 0 2 0 0 456520 23.1652
RE+4_3_10 0 1 0 0 452314 22.9517
RE+4_3_11 0 0 0 0 420910 21.3582
RE+4_2_12 0 1 0 0 310020 26.1296
RE+4_2_13 0 0 0 0 359807 30.3258
RE+4_2_14 0 1 0 0 333247 28.0872
RE+4_3_12 0 0 0 0 362717 18.4053
RE+4_3_13 0 0 0 0 348501 17.684
RE+4_3_14 4 0 0 0 288775 14.6533
RE+4_2_15 0 1 0 0 238706 20.1189
RE+4_2_16 0 0 0 0 244232 20.5847
RE+4_2_17 0 0 0 0 187947 15.8409
RE+4_3_15 0 0 0 0 235382 11.944
RE+4_3_16 0 0 0 0 326471 16.5661
RE+4_3_17 0 0 0 0 260886 13.2381
RE+4_2_18 0 0 0 0 219544 18.504
RE+4_2_19 0 1 0 0 205725 17.3392
RE+4_2_20 0 0 0 0 212949 17.9481
RE+4_3_18 0 0 0 0 313464 15.9061
RE+4_3_19 0 0 0 0 296787 15.0598
RE+4_3_20 1 0 0 0 295488 14.9939
RE+4_2_21 0 0 0 0 258157 21.7584
RE+4_2_22 96 0 0 0 0 0
RE+4_2_23 2 5 0 0 134190 11.31
RE+4_3_21 0 0 0 0 303260 15.3883
RE+4_3_22 16 0 0 7 819454 41.5815
RE+4_3_23 0 0 0 0 183489 9.31074
RE+4_2_24 96 0 0 0 0 0
RE+4_2_25 0 0 0 0 255372 21.5236
RE+4_2_26 0 0 0 0 221138 18.6383
RE+4_3_24 0 0 0 0 147324 7.47562
RE+4_3_25 0 0 0 0 144733 7.34418
RE+4_3_26 0 0 0 0 211390 10.7265
RE+3_2_09 0 0 0 0 148144 12.4861
RE+3_2_10 0 0 0 0 168010 14.1604
RE+3_2_11 0 0 0 0 160635 13.5389
RE+3_3_09 0 0 0 0 129527 6.57258
RE+3_3_10 0 0 0 0 153533 7.79071
RE+3_3_11 0 0 0 0 148141 7.51709
RE+3_2_12 0 1 0 0 118543 9.99125
RE+3_2_13 0 0 0 0 144432 12.1733
RE+3_2_14 0 0 0 0 171614 14.4642
RE+3_3_12 0 0 0 0 148925 7.55687
RE+3_3_13 0 0 0 0 126941 6.44136
RE+3_3_14 0 0 0 0 100692 5.10942
RE+3_2_15 0 0 0 0 150515 12.6859
RE+3_2_16 0 0 0 0 170294 14.353
RE+3_2_17 0 0 0 0 170763 14.3925
RE+3_3_15 0 0 0 0 117173 5.94571
RE+3_3_16 1 0 0 0 135794 6.89057
RE+3_3_17 0 0 0 0 128381 6.51441
RE+3_2_18 0 0 0 0 144012 12.1378
RE+3_2_19 0 0 0 0 159015 13.4023
RE+3_2_20 0 0 0 0 148835 12.5443
RE+3_3_18 0 1 0 0 79873.9 4.05303
RE+3_3_19 0 0 0 0 63645.2 3.22954
RE+3_3_20 0 0 0 0 89467.5 4.53984
RE+3_2_21 0 0 0 0 111797 9.42262
RE+3_2_22 0 3 0 0 131991 11.1246
RE+3_2_23 0 0 0 0 133146 11.222
RE+3_3_21 0 0 0 0 51081.9 2.59205
RE+3_3_22 0 0 0 0 85011.4 4.31372
RE+3_3_23 0 0 0 0 80097 4.06436
RE+3_2_24 0 0 0 0 89951.2 7.5814
RE+3_2_25 0 0 0 0 116081 9.78369
RE+3_2_26 0 0 0 0 136769 11.5274
RE+3_3_24 0 0 0 0 -nan -nan
RE+3_3_25 0 0 0 0 78272.5 3.97177
RE+3_3_26 0 0 0 0 79437.5 4.03089
