322633  -61885726387
W-2_RB4_1+F 0 5 44 0 166945 6.73446
W-2_RB3_1F 0 0 0 0 16422.8 0.8863
W-2_RB4_1+B 3 12 36 0 179156 7.74018
W-2_RB3_1B 3 0 0 0 13814.4 0.798467
W-2_RB2out_1F 0 0 0 0 61416.3 2.90665
W-2_RB2out_1C 0 0 0 0 69117.5 3.51007
W-2_RB2out_1B 1 0 0 0 31382 1.64552
W-2_RB2in_1F 0 0 0 0 91092.1 2.93376
W-2_RB1out_1F 0 0 0 0 201400 7.80888
W-2_RB1in_1F 1 0 0 0 234487 9.09173
W-2_RB2in_1B 0 0 0 0 52200.9 1.80058
W-2_RB1out_1B 0 0 0 0 156245 6.48819
W-2_RB1in_1B 1 0 0 0 217536 9.03335
W-2_RB4_2+F 1 0 0 0 594742 23.9916
W-2_RB3_2F 0 3 40 0 7294.01 0.393641
W-2_RB4_2+B 1 0 0 0 462690 19.9899
W-2_RB3_2B 3 8 31 0 7199.39 0.416121
W-2_RB2out_2F 0 0 0 0 86710.3 4.10374
W-2_RB2out_2C 0 0 0 0 110644 5.61895
W-2_RB2out_2B 0 0 0 0 102430 5.37094
W-2_RB2in_2F 1 0 0 2 130208 4.19354
W-2_RB1out_2F 0 0 0 0 282253 10.9438
W-2_RB1in_2F 1 0 0 0 238082 9.23112
W-2_RB2in_2B 0 1 0 0 45683.9 1.57578
W-2_RB1out_2B 1 0 0 0 211631 8.78814
W-2_RB1in_2B 4 0 0 0 210518 8.74192
W-2_RB4_3+F 0 0 0 0 575298 23.2072
W-2_RB3_3F 1 0 41 0 10221.4 0.551625
W-2_RB4_3+B 0 0 0 11 1.38724e+06 59.9337
W-2_RB3_3B 0 10 52 0 4213.25 0.243524
W-2_RB2out_3F 1 0 0 0 61473.9 2.90937
W-2_RB2out_3C 0 0 0 0 80443 4.08522
W-2_RB2out_3B 0 0 0 0 37355.4 1.95873
W-2_RB2in_3F 1 7 0 0 89901.5 2.89542
W-2_RB1out_3F 0 0 0 0 252405 9.78646
W-2_RB1in_3F 0 0 0 0 389750 15.1117
W-2_RB2in_3B 0 0 0 0 70780.7 2.44146
W-2_RB1out_3B 0 0 0 0 240540 9.98861
W-2_RB1in_3B 0 0 0 0 415411 17.2503
W-2_RB4_10+F 0 0 0 0 16309.9 0.525284
W-2_RB4_10-F 0 0 0 0 17421.5 0.561086
W-2_RB3_10F 0 0 0 0 11609.8 0.626554
W-2_RB4_10+B 0 0 0 0 6986.25 0.240978
W-2_RB4_10-B 0 0 0 0 12558.2 0.433173
W-2_RB3_10B 0 0 0 0 7293.24 0.421545
W-2_RB2out_10F 0 0 0 0 58156.8 2.75239
W-2_RB2out_10C 0 2 0 0 66257.8 3.36484
W-2_RB2out_10B 0 0 0 0 46202 2.42261
W-2_RB2in_10F 0 0 0 0 53483.3 1.72251
W-2_RB1out_10F 0 0 0 0 226767 8.79242
W-2_RB1in_10F 0 4 0 0 539280 20.9095
W-2_RB2in_10B 0 0 0 0 48082.3 1.65851
W-2_RB1out_10B 0 4 0 0 168950 7.01581
W-2_RB1in_10B 0 0 0 0 235776 9.79079
W-2_RB4_11F 0 0 0 0 24679.9 0.995573
W-2_RB3_11F 1 0 0 0 16097.8 0.868761
W-2_RB4_11B 0 0 0 0 11492.8 0.496531
W-2_RB3_11B 1 0 0 0 16451.7 0.950897
W-2_RB2out_11F 1 0 0 0 55137.6 2.60949
W-2_RB2out_11C 0 0 0 0 79820.2 4.0536
W-2_RB2out_11B 0 0 0 0 33192.1 1.74043
W-2_RB2in_11F 0 0 0 0 104784 3.37472
W-2_RB1out_11F 0 0 0 0 271767 10.5372
W-2_RB1in_11F 0 0 0 0 315940 12.2499
W-2_RB2in_11B 1 0 0 0 80561.6 2.77883
W-2_RB1out_11B 7 0 0 0 229614 9.53492
W-2_RB1in_11B 11 14 0 0 243759 10.1223
W-2_RB4_12+F 0 0 0 0 227486 9.17667
W-2_RB3_12F 2 2 40 0 24790.3 1.33788
W-2_RB4_12+B 0 0 0 0 272140 11.7575
W-2_RB3_12B 0 6 42 0 16924.5 0.978225
W-2_RB2out_12F 0 0 0 0 63097.5 2.98621
W-2_RB2out_12C 0 0 0 0 74278.2 3.77215
W-2_RB2out_12B 0 0 0 0 35159.6 1.84359
W-2_RB2in_12F 0 1 0 0 118845 3.82758
W-2_RB1out_12F 0 2 2 0 194220 7.53049
W-2_RB1in_12F 0 0 0 0 412199 15.9822
W-2_RB2in_12B 0 0 0 0 83232.8 2.87097
W-2_RB1out_12B 0 1 1 0 188584 7.8311
W-2_RB1in_12B 0 0 0 0 309744 12.8624
