322633  -61885726387
W+1_RB4_4-F 30 26 33 0 0 0
W+1_RB4_4+F 48 10 14 0 0 0
W+1_RB3_4F 0 0 0 0 10794.3 0.690015
W+1_RB4_4-B 33 34 25 0 0 0
W+1_RB4_4+B 64 6 4 0 0 0
W+1_RB3_4B 1 1 1 0 10840 0.751987
W+1_RB2in_4F 0 0 0 0 38797.9 2.38117
W+1_RB2in_4C 0 0 0 0 55916.4 2.83966
W+1_RB2in_4B 2 43 0 17 1.11244e+06 78.147
W+1_RB2out_4F 0 1 0 0 23627.2 0.901332
W+1_RB1out_4F 1 0 0 0 135409 6.21878
W+1_RB1in_4F 1 0 0 0 157362 7.227
W+1_RB2out_4B 1 1 0 0 17895.2 0.740843
W+1_RB1out_4B 3 0 0 0 66095.9 3.29419
W+1_RB1in_4B 0 1 0 0 154355 7.69296
W+1_RB4_5+F 1 0 0 0 696195 28.0841
W+1_RB3_5F 0 0 0 0 16073.7 0.867461
W+1_RB4_5+B 0 0 0 0 616203 26.6222
W+1_RB3_5B 1 0 0 0 13610.6 0.786686
W+1_RB2in_5F 1 0 0 0 45841.6 2.16954
W+1_RB2in_5C 0 0 0 0 46981.9 2.38594
W+1_RB2in_5B 0 0 0 0 28371.9 1.48769
W+1_RB2out_5F 0 0 0 0 33925.1 1.09261
W+1_RB1out_5F 1 0 0 0 104833 4.0647
W+1_RB1in_5F 0 0 0 0 256672 9.95193
W+1_RB2out_5B 0 0 0 0 27030.7 0.932375
W+1_RB1out_5B 0 0 0 0 111418 4.62672
W+1_RB1in_5B 0 0 0 0 180763 7.50634
W+1_RB4_6+F 0 0 0 0 475160 19.1677
W+1_RB3_6F 0 0 0 0 31490.2 1.69945
W+1_RB4_6+B 0 0 0 0 526317 22.7388
W+1_RB3_6B 0 0 0 0 19906.4 1.15058
W+1_RB2in_6F 0 0 0 0 67618.7 3.20019
W+1_RB2in_6C 0 0 0 0 76447.7 3.88233
W+1_RB2in_6B 1 0 0 0 29071.4 1.52436
W+1_RB2out_6F 0 0 0 0 36950.5 1.19005
W+1_RB1out_6F 0 0 0 0 171261 6.64031
W+1_RB1in_6F 0 0 0 7 2.8285e+06 109.669
W+1_RB2out_6B 0 0 0 0 20122.4 0.694085
W+1_RB1out_6B 0 0 0 0 117379 4.87427
W+1_RB1in_6B 0 0 0 0 88263.8 3.66523
W+1_RB4_7+F 0 0 0 0 502569 20.2734
W+1_RB3_7F 2 0 0 0 21353.5 1.1524
W+1_RB4_7+B 1 0 0 0 469082 20.2661
W+1_RB3_7B 0 0 0 0 25492.9 1.47347
W+1_RB2in_7F 0 0 0 0 25218.7 1.19352
W+1_RB2in_7C 0 0 0 0 23250.4 1.18075
W+1_RB2in_7B 0 0 0 0 13317.2 0.698287
W+1_RB2out_7F 0 0 0 0 26783 0.862586
W+1_RB1out_7F 0 1 0 0 100784 3.90769
W+1_RB1in_7F 1 0 0 0 191190 7.41298
W+1_RB2out_7B 0 0 0 0 15156.8 0.522808
W+1_RB1out_7B 0 0 0 1 179027 7.43424
W+1_RB1in_7B 0 0 0 0 95626.9 3.97099
W+1_RB4_8+F 1 0 0 0 200661 10.8292
W+1_RB3_8F 1 0 0 1 77246.8 4.16884
W+1_RB4_8+B 0 0 0 0 275754 15.9384
W+1_RB3_8B 1 0 0 1 165752 9.58036
W+1_RB2in_8F 0 0 0 0 32445.7 1.53556
W+1_RB2in_8C 0 0 0 0 27773.9 1.41047
W+1_RB2in_8B 1 0 0 0 17420.5 0.913444
W+1_RB2out_8F 0 1 0 0 56044.5 1.805
W+1_RB1out_8F 1 0 0 0 190594 7.3899
W+1_RB1in_8F 0 0 0 0 165064 6.40002
W+1_RB2out_8B 0 0 0 0 42086.3 1.45169
W+1_RB1out_8B 0 0 0 0 115634 4.8018
W+1_RB1in_8B 2 0 0 0 175159 7.27363
W+1_RB4_9F 0 0 0 0 24952.8 1.00658
W+1_RB3_9F 1 13 0 0 8532.16 0.460461
W+1_RB4_9B 0 0 0 0 27061.1 1.16914
W+1_RB3_9B 7 0 0 0 9249.01 0.534588
W+1_RB2in_9F 0 0 0 0 10071.5 0.476652
W+1_RB2in_9C 0 0 0 0 8825.52 0.448196
W+1_RB2in_9B 0 0 0 0 7595.21 0.398256
W+1_RB2out_9F 0 0 0 0 37851.9 1.21908
W+1_RB1out_9F 2 0 0 0 147001 5.69967
W+1_RB1in_9F 0 0 0 1 257126 9.96954
W+1_RB2out_9B 0 0 0 0 20634.9 0.711763
W+1_RB1out_9B 1 0 0 0 89723.8 3.72585
W+1_RB1in_9B 1 0 0 0 146629 6.08889
