322633  -61885726387
W+1_RB4_1+F 3 0 0 0 321999 12.9893
W+1_RB3_1F 1 0 0 1 129477 6.98756
W+1_RB4_1+B 1 0 0 0 441772 19.0862
W+1_RB3_1B 0 0 0 0 11192.2 0.646903
W+1_RB2in_1F 0 0 0 0 80264.2 3.79866
W+1_RB2in_1C 0 0 0 0 146937 7.46207
W+1_RB2in_1B 0 0 0 0 13960 0.731993
W+1_RB2out_1F 0 0 0 0 37435.5 1.20567
W+1_RB1out_1F 2 0 0 0 109327 4.23893
W+1_RB1in_1F 0 1 0 0 105845 4.10393
W+1_RB2out_1B 2 0 0 0 25003.9 0.862464
W+1_RB1out_1B 3 12 12 0 75478.3 3.1343
W+1_RB1in_1B 1 16 0 0 64640.6 2.68425
W+1_RB4_2+F 1 0 0 0 389676 15.7193
W+1_RB3_2F 0 0 0 0 31838.5 1.71825
W+1_RB4_2+B 0 0 0 0 416990 18.0155
W+1_RB3_2B 0 0 0 0 42162.9 2.43699
W+1_RB2in_2F 1 0 0 0 36662.7 1.73513
W+1_RB2in_2C 0 0 0 0 30689 1.55851
W+1_RB2in_2B 0 4 0 0 18590.2 0.97478
W+1_RB2out_2F 0 0 0 0 52295.6 1.68426
W+1_RB1out_2F 0 0 0 0 168690 6.5406
W+1_RB1in_2F 0 0 0 0 285563 11.0721
W+1_RB2out_2B 2 0 0 0 59986.1 2.06911
W+1_RB1out_2B 1 0 0 0 90856 3.77287
W+1_RB1in_2B 0 0 0 0 151839 6.30523
W+1_RB4_3+F 1 0 0 0 680388 27.4465
W+1_RB3_3F 0 0 0 0 20292.4 1.09514
W+1_RB4_3+B 1 1 0 0 657846 28.4213
W+1_RB3_3B 0 0 0 0 18675.6 1.07944
W+1_RB2in_3F 0 0 0 0 57449 2.71889
W+1_RB2in_3C 0 1 0 0 68580.3 3.48279
W+1_RB2in_3B 0 0 0 0 43755.9 2.29434
W+1_RB2out_3F 0 0 0 0 52784.4 1.7
W+1_RB1out_3F 0 0 0 0 67798.2 2.62874
W+1_RB1in_3F 0 0 0 0 170182 6.59844
W+1_RB2out_3B 0 0 0 0 18846.2 0.650065
W+1_RB1out_3B 0 0 0 0 32725.2 1.35894
W+1_RB1in_3B 2 0 0 0 83258.4 3.45737
W+1_RB4_10-F 0 5 5 0 13296.7 0.428239
W+1_RB4_10+F 0 1 0 0 6211.27 0.200043
W+1_RB3_10F 0 0 0 0 11199.6 0.604418
W+1_RB4_10-B 0 2 0 0 13834.7 0.477204
W+1_RB4_10+B 0 0 0 0 5173.11 0.178437
W+1_RB3_10B 1 0 0 0 11229.2 0.64904
W+1_RB2in_10F 0 0 0 0 28105.6 1.33015
W+1_RB2in_10C 0 0 0 0 21911.4 1.11275
W+1_RB2in_10B 0 0 0 0 17223.3 0.903105
W+1_RB2out_10F 0 0 0 0 42200.4 1.35913
W+1_RB1out_10F 0 0 0 1 219576 8.51361
W+1_RB1in_10F 0 0 0 0 120730 4.68107
W+1_RB2out_10B 0 0 0 0 32524.9 1.12189
W+1_RB1out_10B 0 0 0 0 114558 4.75711
W+1_RB1in_10B 0 0 0 0 77381.5 3.21333
W+1_RB4_11F 0 0 0 0 12028.3 0.485216
W+1_RB3_11F 1 1 0 0 14743.6 0.79568
W+1_RB4_11B 0 0 0 0 9915.41 0.428382
W+1_RB3_11B 0 0 0 0 12006.7 0.693981
W+1_RB2in_11F 0 0 0 0 23857.7 1.12911
W+1_RB2in_11C 0 1 0 0 18405.4 0.934701
W+1_RB2in_11B 0 0 0 0 10374.3 0.543976
W+1_RB2out_11F 0 0 0 0 44695 1.43947
W+1_RB1out_11F 0 0 0 0 180696 7.0061
W+1_RB1in_11F 0 0 0 0 223364 8.66047
W+1_RB2out_11B 0 1 0 0 32927.5 1.13578
W+1_RB1out_11B 12 0 0 1 156922 6.5163
W+1_RB1in_11B 0 0 0 0 144872 6.01594
W+1_RB4_12+F 0 0 0 0 165129 6.66123
W+1_RB3_12F 0 0 0 0 19182.7 1.03525
W+1_RB4_12+B 1 0 0 0 136606 5.90189
W+1_RB3_12B 1 0 0 0 13805.5 0.79795
W+1_RB2in_12F 0 0 0 0 88150.4 4.17189
W+1_RB2in_12C 0 0 0 0 87849.9 4.46138
W+1_RB2in_12B 0 0 0 0 100352 5.26196
W+1_RB2out_12F 0 0 0 0 109164 3.5158
W+1_RB1out_12F 0 0 0 0 127437 4.9411
W+1_RB1in_12F 0 0 0 0 198843 7.70971
W+1_RB2out_12B 0 0 0 0 132080 4.55588
W+1_RB1out_12B 0 0 0 0 67846 2.81736
W+1_RB1in_12B 3 13 0 0 98935.4 4.10837
