322633  -61885726387
RE+1_2_09 0 0 0 0 52030.8 4.4217
RE+1_2_10 0 0 0 0 88229.7 7.49796
RE+1_2_11 1 2 0 0 32245 2.74026
RE+1_3_09 0 0 0 0 36692.8 2.04909
RE+1_3_10 2 0 0 0 32931.1 1.83902
RE+1_3_11 0 0 0 0 42123.4 2.35236
RE+2_2_11 0 0 0 0 121344 10.2273
RE+2_2_12 0 0 0 0 128932 10.8669
RE+2_2_13 0 0 0 0 126533 10.6646
RE+2_3_11 0 0 0 0 37080 1.88155
RE+2_3_12 0 0 0 0 62715.8 3.18238
RE+2_3_13 0 0 0 0 64299.8 3.26276
RE+1_2_12 0 0 0 0 84401.5 7.17264
RE+1_2_13 0 0 0 0 69664.6 5.92026
RE+1_2_14 1 0 0 0 112268 9.54081
RE+1_3_12 0 0 0 0 28076.8 1.56794
RE+1_3_13 0 0 0 0 38823.1 2.16806
RE+1_3_14 0 0 0 0 25647.9 1.4323
RE+2_2_14 0 0 0 0 155442 13.1012
RE+2_2_15 0 0 0 0 1.10992e+08 9354.8
RE+2_2_16 0 0 0 0 125600 10.586
RE+2_3_14 0 0 0 0 51539.4 2.61526
RE+2_3_15 0 0 0 0 64600.8 3.27803
RE+2_3_16 0 0 0 0 65084 3.30255
RE+1_2_15 0 0 0 0 69689.1 5.92234
RE+1_2_16 1 0 0 0 76742.5 6.52175
RE+1_2_17 0 0 0 0 79849.4 6.78579
RE+1_3_15 0 0 0 0 33303.2 1.8598
RE+1_3_16 0 0 0 0 24916.6 1.39146
RE+1_3_17 0 0 0 0 28029.3 1.56529
RE+2_2_17 0 0 0 0 127013 10.7051
RE+2_2_18 0 0 0 0 131688 11.0991
RE+2_2_19 0 0 0 0 121839 10.269
RE+2_3_17 0 0 0 0 59593.8 3.02396
RE+2_3_18 1 0 0 0 58362.8 2.9615
RE+2_3_19 0 0 0 0 54883.8 2.78496
RE+1_2_18 1 1 0 0 75706.9 6.43375
RE+1_2_19 0 0 0 0 72269.5 6.14163
RE+1_2_20 0 0 0 0 59882.7 5.08897
RE+1_3_18 0 0 0 0 28049.8 1.56643
RE+1_3_19 0 0 0 0 28384.7 1.58513
RE+1_3_20 0 0 0 0 38262.1 2.13673
RE+2_2_20 0 0 0 0 118292 9.97003
RE+2_2_21 0 0 0 0 136189 11.4785
RE+2_2_22 96 0 0 0 0 0
RE+2_3_20 0 0 0 0 68761.2 3.48914
RE+2_3_21 0 0 0 0 81066.3 4.11354
RE+2_3_22 0 0 0 0 48339 2.45286
RE+1_2_21 0 0 0 0 52048.8 4.42323
RE+1_2_22 0 0 0 0 84368.9 7.16987
RE+1_2_23 0 0 0 0 55339.2 4.70285
RE+1_3_21 0 0 0 0 27436.4 1.53218
RE+1_3_22 0 0 0 0 18708.2 1.04475
RE+1_3_23 0 0 0 0 22879.6 1.2777
RE+2_2_23 0 0 0 0 109556 9.23377
RE+2_2_24 0 0 0 0 119936 10.1086
RE+2_2_25 0 0 0 0 119096 10.0378
RE+2_3_23 0 0 0 0 47844.2 2.42776
RE+2_3_24 0 0 0 0 70914.8 3.59842
RE+2_3_25 0 0 0 0 46228.9 2.34579
RE+1_2_24 0 0 0 0 71875.7 6.10817
RE+1_2_25 17 0 0 0 73612.8 6.25579
RE+1_2_26 0 0 0 0 74799.9 6.35667
RE+1_3_24 0 0 0 0 19451.3 1.08625
RE+1_3_25 0 0 0 0 21675.9 1.21048
RE+1_3_26 1 0 0 0 18924.8 1.05685
RE+2_2_26 0 0 0 0 122716 10.3429
RE+2_2_27 0 0 0 0 77495.7 6.5316
RE+2_2_28 0 0 0 0 117690 9.91933
RE+2_3_26 0 0 0 0 36586.9 1.85653
RE+2_3_27 0 0 0 0 59400.6 3.01416
RE+2_3_28 0 0 0 0 72055.6 3.65631
