322633  -61885726387
W+2_RB4_4-F 0 0 0 0 216265 11.6713
W+2_RB4_4+F 0 0 0 0 212494 11.4678
W+2_RB3_4F 0 0 0 0 30409.5 1.64113
W+2_RB4_4-B 0 0 0 0 191074 11.044
W+2_RB4_4+B 0 0 0 0 162931 9.4173
W+2_RB3_4B 0 0 0 0 15351.7 0.887322
W+2_RB2out_4F 0 0 0 0 44936.6 2.12671
W+2_RB2out_4C 0 0 0 0 43478.1 2.20799
W+2_RB2out_4B 0 0 0 0 32067.1 1.68144
W+2_RB2in_4F 0 0 0 0 82573.2 2.6594
W+2_RB1out_4F 1 0 0 0 228362 8.85427
W+2_RB1in_4F 0 0 0 0 310647 12.0447
W+2_RB2in_4B 0 0 0 0 69799.4 2.40761
W+2_RB1out_4B 0 0 0 0 255937 10.628
W+2_RB1in_4B 0 0 0 0 299581 12.4404
W+2_RB4_5+F 0 0 0 0 799402 32.2475
W+2_RB3_5F 0 0 0 0 30198.7 1.62975
W+2_RB4_5+B 0 1 0 0 719133 31.0692
W+2_RB3_5B 0 0 0 0 21908.2 1.26628
W+2_RB2out_5F 0 1 0 0 80739.1 3.82114
W+2_RB2out_5C 0 0 0 0 71720.7 3.64227
W+2_RB2out_5B 1 0 0 0 50210.1 2.63277
W+2_RB2in_5F 0 0 0 0 90539.6 2.91597
W+2_RB1out_5F 0 0 0 0 353668 13.7127
W+2_RB1in_5F 0 0 0 0 321634 12.4707
W+2_RB2in_5B 0 0 0 1 94860.8 3.27205
W+2_RB1out_5B 4 0 0 0 274419 11.3955
W+2_RB1in_5B 0 0 0 0 340609 14.1441
W+2_RB4_6+F 0 0 0 0 522305 21.0695
W+2_RB3_6F 0 0 0 0 24807.2 1.33879
W+2_RB4_6+B 0 0 0 0 602567 26.0331
W+2_RB3_6B 0 0 0 0 19578.5 1.13163
W+2_RB2out_6F 8 0 0 0 56456.8 2.67193
W+2_RB2out_6C 0 0 0 0 67797.3 3.44302
W+2_RB2out_6B 0 0 0 0 68661.9 3.60029
W+2_RB2in_6F 0 0 0 0 75383.8 2.42785
W+2_RB1out_6F 0 0 0 0 238590 9.25082
W+2_RB1in_6F 0 0 0 0 273059 10.5873
W+2_RB2in_6B 0 0 0 0 79876 2.75518
W+2_RB1out_6B 1 0 0 0 212726 8.83363
W+2_RB1in_6B 0 0 0 0 328867 13.6565
W+2_RB4_7+F 0 0 0 0 833531 33.6242
W+2_RB3_7F 0 0 0 0 18976.8 1.02413
W+2_RB4_7+B 1 0 0 0 1.117e+06 48.2586
W+2_RB3_7B 0 0 0 0 18638.2 1.07728
W+2_RB2out_7F 0 0 0 0 46634.9 2.20709
W+2_RB2out_7C 0 0 0 0 58700.4 2.98105
W+2_RB2out_7B 0 1 0 0 25199 1.32131
W+2_RB2in_7F 0 0 0 0 85167.7 2.74296
W+2_RB1out_7F 0 0 0 0 260208 10.089
W+2_RB1in_7F 0 0 0 0 408232 15.8283
W+2_RB2in_7B 0 0 0 0 66789.2 2.30377
W+2_RB1out_7B 0 0 0 0 279828 11.6201
W+2_RB1in_7B 0 0 0 0 362933 15.0711
W+2_RB4_8+F 0 36 36 0 170821 9.21881
W+2_RB3_8F 0 0 0 0 31545.9 1.70246
W+2_RB4_8+B 0 36 36 0 212073 12.2577
W+2_RB3_8B 0 0 0 0 35630 2.0594
W+2_RB2out_8F 0 0 0 0 16349 0.773747
W+2_RB2out_8C 0 0 0 0 24237.3 1.23087
W+2_RB2out_8B 0 0 0 0 21325 1.11818
W+2_RB2in_8F 0 0 0 0 74154.4 2.38825
W+2_RB1out_8F 0 0 0 0 302093 11.713
W+2_RB1in_8F 0 0 0 0 474574 18.4006
W+2_RB2in_8B 0 0 0 0 43739.5 1.50872
W+2_RB1out_8B 0 10 0 3 591736 24.5723
W+2_RB1in_8B 0 0 0 0 489632 20.3324
W+2_RB4_9F 0 1 0 0 26506.4 1.06925
W+2_RB3_9F 0 0 0 0 18231.5 0.983914
W+2_RB4_9B 0 0 0 0 13860.8 0.598837
W+2_RB3_9B 0 0 0 0 18170.7 1.05026
W+2_RB2out_9F 0 0 0 0 57218.1 2.70796
W+2_RB2out_9C 0 0 0 0 67100.6 3.40764
W+2_RB2out_9B 0 0 0 0 37986.7 1.99184
W+2_RB2in_9F 0 0 0 0 145983 4.70161
W+2_RB1out_9F 0 0 0 0 348788 13.5235
W+2_RB1in_9F 0 0 0 0 561726 21.7798
W+2_RB2in_9B 0 0 0 0 82208.6 2.83564
W+2_RB1out_9B 1 0 0 0 252513 10.4858
W+2_RB1in_9B 0 0 0 0 302910 12.5786
