322633  -61885726387
W+2_RB4_1+F 0 1 0 0 585869 23.6337
W+2_RB3_1F 1 0 0 0 53122.4 2.86689
W+2_RB4_1+B 0 0 0 0 780120 33.704
W+2_RB3_1B 0 0 0 0 264981 15.3157
W+2_RB2out_1F 0 1 0 0 46822.6 2.21597
W+2_RB2out_1C 14 0 0 0 30414.7 1.54458
W+2_RB2out_1B 0 1 0 0 44394.6 2.32784
W+2_RB2in_1F 0 0 0 0 53728.2 1.7304
W+2_RB1out_1F 0 0 0 0 132913 5.15343
W+2_RB1in_1F 0 2 0 0 449142 17.4145
W+2_RB2in_1B 0 0 0 0 56218 1.93914
W+2_RB1out_1B 0 1 0 0 116187 4.82476
W+2_RB1in_1B 0 1 0 0 445384 18.4949
W+2_RB4_2+F 0 0 0 0 654424 26.3992
W+2_RB3_2F 0 0 0 0 28712.5 1.54955
W+2_RB4_2+B 0 0 0 0 656172 28.349
W+2_RB3_2B 0 0 0 0 23336.4 1.34883
W+2_RB2out_2F 0 0 0 0 60122.7 2.84543
W+2_RB2out_2C 0 0 0 0 68594.4 3.4835
W+2_RB2out_2B 0 0 0 0 62872.8 3.29674
W+2_RB2in_2F 0 0 0 0 88367.2 2.846
W+2_RB1out_2F 0 0 0 0 263704 10.2246
W+2_RB1in_2F 0 0 0 0 339067 13.1466
W+2_RB2in_2B 0 1 0 0 59209.6 2.04233
W+2_RB1out_2B 0 0 0 0 115678 4.80364
W+2_RB1in_2B 0 0 0 0 393774 16.3518
W+2_RB4_3+F 0 0 0 0 620564 25.0332
W+2_RB3_3F 0 0 0 0 26921.5 1.45289
W+2_RB4_3+B 0 0 0 0 558918 24.1473
W+2_RB3_3B 0 0 0 0 17251.6 0.997135
W+2_RB2out_3F 0 0 0 0 128637 6.08798
W+2_RB2out_3C 0 0 0 0 126286 6.41333
W+2_RB2out_3B 0 12 0 18 1.27761e+06 66.9915
W+2_RB2in_3F 0 0 0 0 95864.2 3.08745
W+2_RB1out_3F 0 0 0 0 235074 9.11451
W+2_RB1in_3F 0 1 0 0 417827 16.2004
W+2_RB2in_3B 0 0 0 0 54211.3 1.86992
W+2_RB1out_3B 0 1 0 0 247167 10.2638
W+2_RB1in_3B 0 0 0 0 270749 11.2431
W+2_RB4_10-F 60 0 0 0 6.80523 0.000219173
W+2_RB4_10+F 0 0 0 0 19583.1 0.630705
W+2_RB3_10F 0 0 0 0 14832.1 0.800454
W+2_RB4_10-B 60 0 0 0 4.44529 0.000153333
W+2_RB4_10+B 0 0 0 0 14153.1 0.488187
W+2_RB3_10B 0 0 0 0 12250.3 0.708063
W+2_RB2out_10F 6 0 0 0 45689.2 2.16233
W+2_RB2out_10C 0 0 0 0 51424.6 2.61155
W+2_RB2out_10B 0 0 0 0 36330.7 1.905
W+2_RB2in_10F 0 1 0 0 101364 3.26458
W+2_RB1out_10F 0 0 0 0 198291 7.68832
W+2_RB1in_10F 0 0 0 0 413017 16.0139
W+2_RB2in_10B 1 1 0 0 80332.5 2.77093
W+2_RB1out_10B 0 0 0 0 184227 7.65017
W+2_RB1in_10B 0 0 0 0 360127 14.9546
W+2_RB4_11F 1 4 4 0 16807.6 0.678008
W+2_RB3_11F 0 0 42 0 11231.1 0.606117
W+2_RB4_11B 2 0 0 0 11457.7 0.495015
W+2_RB3_11B 33 1 10 0 3542.14 0.204734
W+2_RB2out_11F 0 0 0 0 53698.9 2.5414
W+2_RB2out_11C 1 0 0 0 56922.7 2.89077
W+2_RB2out_11B 0 0 0 0 35162.7 1.84376
W+2_RB2in_11F 0 0 0 0 63355.6 2.04046
W+2_RB1out_11F 1 1 0 0 101984 3.9542
W+2_RB1in_11F 0 0 0 0 432419 16.7661
W+2_RB2in_11B 0 1 0 0 47277.2 1.63074
W+2_RB1out_11B 0 0 0 0 103677 4.30527
W+2_RB1in_11B 0 0 0 0 398801 16.5605
W+2_RB4_12+F 0 4 0 0 203505 8.20928
W+2_RB3_12F 0 10 36 0 6347.81 0.342577
W+2_RB4_12+B 0 1 0 0 267771 11.5687
W+2_RB3_12B 6 11 26 0 4629.94 0.267608
W+2_RB2out_12F 0 0 0 47 1.07389e+07 508.241
W+2_RB2out_12C 1 1 0 22 2.83741e+06 144.095
W+2_RB2out_12B 0 1 0 33 6.30396e+06 330.549
W+2_RB2in_12F 0 1 0 0 53608.1 1.72653
W+2_RB1out_12F 3 0 0 0 2475.06 0.0959655
W+2_RB1in_12F 0 0 0 0 288540 11.1875
W+2_RB2in_12B 0 1 0 0 50851.2 1.75402
W+2_RB1out_12B 0 0 0 0 131910 5.47767
W+2_RB1in_12B 5 1 1 0 3585.83 0.148905
