322633  -61885726387
RE+1_2_36 0 0 0 0 72715.2 6.17951
RE+1_2_01 0 2 0 0 50193.5 4.26556
RE+1_2_02 0 0 0 0 77363.8 6.57455
RE+1_3_36 0 0 0 0 22109.2 1.23468
RE+1_3_01 0 0 0 0 28311.4 1.58104
RE+1_3_02 0 0 0 0 45805.2 2.55797
RE+2_2_02 0 0 0 0 119132 10.0409
RE+2_2_03 0 0 0 0 120917 10.1913
RE+2_2_04 1 0 0 0 118393 9.97855
RE+2_3_02 0 0 0 0 51370.8 2.6067
RE+2_3_03 0 0 0 0 56213.5 2.85243
RE+2_3_04 0 0 0 0 57577.8 2.92167
RE+1_2_03 0 0 0 0 55712.5 4.73457
RE+1_2_04 0 1 0 0 102161 8.68187
RE+1_2_05 0 0 0 0 49862.9 4.23746
RE+1_3_03 0 0 0 0 27980.2 1.56254
RE+1_3_04 9 0 0 0 37473.2 2.09268
RE+1_3_05 0 0 0 0 40228.5 2.24654
RE+2_2_05 0 0 0 0 132479 11.1658
RE+2_2_06 0 0 0 0 130102 10.9655
RE+2_2_07 0 0 0 0 126589 10.6694
RE+2_3_05 0 0 0 0 65133.9 3.30508
RE+2_3_06 0 0 0 0 56958.4 2.89023
RE+2_3_07 0 0 0 0 63455.5 3.21991
RE+1_1_03 0 0 0 0 92411 54.4844
RE+1_1_04 0 0 0 0 143156 84.403
RE+1_2_06 8 0 0 0 85857.5 7.29637
RE+1_2_07 0 0 0 0 53955.6 4.58528
RE+1_2_08 0 1 0 0 61493 5.22582
RE+1_3_06 0 0 0 0 33345.5 1.86217
RE+1_3_07 0 0 0 0 45937.3 2.56535
RE+1_3_08 0 0 0 0 36414.6 2.03356
RE+1_1_01 0 0 0 0 257120 151.595
RE+1_1_02 1 1 0 0 114203 67.3324
RE+2_2_08 0 0 0 0 124768 10.5159
RE+2_2_09 0 0 0 0 129169 10.8868
RE+2_2_10 0 0 0 0 148992 12.5576
RE+2_3_08 2 0 0 0 55953.2 2.83923
RE+2_3_09 0 0 0 0 69313.2 3.51715
RE+2_3_10 0 0 0 0 68362.5 3.46891
RE+1_2_27 0 0 0 0 68559.9 5.82638
RE+1_2_28 0 0 0 0 64569.2 5.48724
RE+1_2_29 0 4 0 4 859659 73.0558
RE+1_3_27 0 0 0 0 15994.6 0.893209
RE+1_3_28 0 0 0 0 12100.1 0.675726
RE+1_3_29 0 4 0 0 34671 1.93619
RE+2_2_29 0 0 0 0 119515 10.0732
RE+2_2_30 0 0 0 0 141251 11.9051
RE+2_2_31 0 0 0 0 125486 10.5764
RE+2_3_29 0 0 0 0 39151.8 1.98668
RE+2_3_30 0 0 0 0 77010.4 3.90773
RE+2_3_31 0 0 0 0 71299.7 3.61796
RE+1_2_30 0 0 0 0 55263.7 4.69644
RE+1_2_31 0 0 0 0 62994.5 5.35342
RE+1_2_32 0 0 0 0 35711.8 3.03487
RE+1_3_30 0 0 0 0 19131.9 1.06842
RE+1_3_31 0 0 0 0 13626.4 0.760963
RE+1_3_32 0 0 0 0 26844.1 1.4991
RE+2_2_32 0 0 0 0 108784 9.16868
RE+2_2_33 0 0 0 0 133597 11.26
RE+2_2_34 0 0 0 0 126200 10.6366
RE+2_3_32 0 0 0 0 65308.3 3.31393
RE+2_3_33 0 0 0 0 37402.2 1.8979
RE+2_3_34 0 0 0 0 53702.4 2.72501
RE+1_2_33 0 0 0 0 70698.4 6.00812
RE+1_2_34 2 1 0 0 91603.1 7.78465
RE+1_2_35 95 0 1 0 0 0
RE+1_3_33 0 0 0 0 59846.6 3.34211
RE+1_3_34 0 0 0 0 20823.7 1.16289
RE+1_3_35 0 0 0 0 22565.6 1.26017
RE+2_2_35 0 0 0 0 121663 10.2542
RE+2_2_36 0 0 0 0 94794.1 7.98958
RE+2_2_01 1 1 0 0 91250.7 7.69093
RE+2_3_35 0 0 0 0 57452.9 2.91533
RE+2_3_36 0 0 0 0 47675.8 2.41921
RE+2_3_01 1 0 0 0 50894.3 2.58253
