322633  -61885726387
W-1_RB4_4+F 66 0 6 0 0 0
W-1_RB4_4-F 1 0 0 0 318385 17.1825
W-1_RB3_4F 0 0 0 0 79442.5 4.28733
W-1_RB4_4+B 67 1 5 0 0 0
W-1_RB4_4-B 0 0 0 0 345312 19.9588
W-1_RB3_4B 0 0 0 0 70200.3 4.05754
W-1_RB2in_4F 0 0 0 0 40106.7 1.89813
W-1_RB2in_4C 0 0 0 0 15381.9 0.781154
W-1_RB2in_4B 1 0 0 0 11341.7 0.594701
W-1_RB2out_4F 10 18 60 0 0 0
W-1_RB1out_4F 0 0 0 0 79663.2 3.08878
W-1_RB1in_4F 2 0 0 0 234647 9.09794
W-1_RB2out_4B 25 15 49 0 0 0
W-1_RB1out_4B 1 0 0 0 358.077 0.0148695
W-1_RB1in_4B 1 0 0 0 134055 5.56673
W-1_RB4_5+F 0 17 83 0 0 0
W-1_RB3_5F 0 0 0 0 16717.9 0.902226
W-1_RB4_5+B 10 0 86 0 0 0
W-1_RB3_5B 1 0 0 0 16265.3 0.940128
W-1_RB2in_5F 0 1 0 0 26304 1.24489
W-1_RB2in_5C 0 0 0 0 16169.4 0.821151
W-1_RB2in_5B 0 0 0 0 10440.1 0.547426
W-1_RB2out_5F 0 0 0 0 35331.6 1.13791
W-1_RB1out_5F 0 0 0 0 139967 5.42695
W-1_RB1in_5F 0 0 0 0 165471 6.41578
W-1_RB2out_5B 0 0 0 0 21914.3 0.755895
W-1_RB1out_5B 0 0 0 0 93208.9 3.87058
W-1_RB1in_5B 0 0 0 0 93921 3.90015
W-1_RB4_6+F 0 19 0 29 2.58061e+06 104.101
W-1_RB3_6F 0 0 0 0 8737.5 0.471543
W-1_RB4_6+B 0 7 0 41 4.76161e+06 205.719
W-1_RB3_6B 1 1 1 0 6573.28 0.379932
W-1_RB2in_6F 0 0 0 0 47459.4 2.24611
W-1_RB2in_6C 0 0 0 0 50762.1 2.57791
W-1_RB2in_6B 8 0 0 0 29325.8 1.5377
W-1_RB2out_6F 0 0 0 0 30524.5 0.983087
W-1_RB1out_6F 0 0 0 0 172844 6.70166
W-1_RB1in_6F 0 0 0 0 187258 7.26054
W-1_RB2out_6B 0 1 0 0 24509.7 0.845418
W-1_RB1out_6B 1 0 0 0 74628.1 3.09899
W-1_RB1in_6B 0 0 0 0 109251 4.53674
W-1_RB4_7+F 10 74 70 0 0 0
W-1_RB3_7F 0 0 0 0 8604.47 0.464363
W-1_RB4_7+B 20 48 76 0 0 0
W-1_RB3_7B 0 0 0 0 10525.4 0.608364
W-1_RB2in_7F 0 0 0 0 23033.1 1.09009
W-1_RB2in_7C 0 0 0 0 14621.7 0.742548
W-1_RB2in_7B 1 0 0 0 8609.31 0.45143
W-1_RB2out_7F 84 0 0 0 8.46535 0.00027264
W-1_RB1out_7F 0 0 0 0 151711 5.88226
W-1_RB1in_7F 0 0 0 0 145584 5.64473
W-1_RB2out_7B 84 0 0 0 1.49848 5.16875e-05
W-1_RB1out_7B 0 0 0 0 98381.1 4.08535
W-1_RB1in_7B 0 0 0 0 90554.4 3.76035
W-1_RB4_8+F 74 3 8 0 0 0
W-1_RB3_8F 1 0 0 0 22612.4 1.22034
W-1_RB4_8+B 72 11 2 0 0 0
W-1_RB3_8B 0 0 0 0 12576 0.726884
W-1_RB2in_8F 0 1 0 0 31971.9 1.51313
W-1_RB2in_8C 0 0 0 0 28757 1.4604
W-1_RB2in_8B 1 0 0 0 22201.2 1.16412
W-1_RB2out_8F 0 0 0 0 58570.5 1.88635
W-1_RB1out_8F 0 1 0 0 143998 5.5832
W-1_RB1in_8F 0 0 0 0 210070 8.14504
W-1_RB2out_8B 0 4 0 0 26939.7 0.929239
W-1_RB1out_8B 0 0 0 0 119427 4.95931
W-1_RB1in_8B 8 1 0 0 105959 4.40002
W-1_RB4_9F 0 0 0 0 18544 0.748054
W-1_RB3_9F 0 10 9 0 9186.77 0.495789
W-1_RB4_9B 1 0 0 0 17833 0.770453
W-1_RB3_9B 1 0 0 0 11578.8 0.669249
W-1_RB2in_9F 0 0 0 0 32535.5 1.53981
W-1_RB2in_9C 1 3 0 0 23824.7 1.20992
W-1_RB2in_9B 0 0 0 0 14205.8 0.74488
W-1_RB2out_9F 0 0 0 0 35341.6 1.13823
W-1_RB1out_9F 0 0 0 0 204610 7.93334
W-1_RB1in_9F 0 0 0 0 215751 8.36528
W-1_RB2out_9B 0 1 0 0 18373.2 0.633752
W-1_RB1out_9B 0 0 0 0 123179 5.1151
W-1_RB1in_9B 0 0 0 0 110512 4.5891
