322633  -61885726387
RE+4_2_33 0 0 0 0 156735 13.2102
RE+4_2_34 0 1 0 0 204944 17.2734
RE+4_2_35 0 2 0 0 240773 20.2932
RE+4_3_33 0 0 0 0 179340 9.10022
RE+4_3_34 0 0 0 0 230030 11.6724
RE+4_3_35 0 1 0 0 243894 12.3759
RE+4_2_36 0 1 0 0 190984 16.0968
RE+4_2_01 0 1 0 0 247386 20.8506
RE+4_2_02 0 1 0 0 262678 22.1394
RE+4_3_36 0 0 0 0 255568 12.9683
RE+4_3_01 0 0 0 0 283241 14.3725
RE+4_3_02 0 9 0 0 257606 13.0717
RE+4_2_03 0 0 0 0 195255 16.4568
RE+4_2_04 0 2 0 0 238152 20.0723
RE+4_2_05 0 1 0 0 193831 16.3368
RE+4_3_03 0 1 0 0 263087 13.3498
RE+4_3_04 0 1 0 0 296259 15.0331
RE+4_3_05 0 1 0 0 283823 14.402
RE+4_2_06 0 1 0 0 187534 15.806
RE+4_2_07 0 2 0 0 206798 17.4296
RE+4_2_08 0 1 0 1 420799 35.4664
RE+4_3_06 0 0 0 0 325246 16.5039
RE+4_3_07 0 0 0 0 367600 18.6531
RE+4_3_08 0 0 0 0 394356 20.0108
RE+4_2_27 0 0 0 0 258943 21.8246
RE+4_2_28 0 2 0 0 209715 17.6755
RE+4_2_29 0 0 0 0 255530 21.5369
RE+4_3_27 0 0 0 0 222484 11.2895
RE+4_3_28 0 0 0 0 227880 11.5633
RE+4_3_29 0 0 0 0 229561 11.6486
RE+4_2_30 0 0 0 0 254058 21.4129
RE+4_2_31 0 0 0 0 219610 18.5095
RE+4_2_32 0 0 0 0 120723 10.1749
RE+4_3_30 0 0 0 0 231167 11.7301
RE+4_3_31 0 0 0 0 136528 6.92785
RE+4_3_32 0 0 0 0 133932 6.79612
RE+3_2_03 0 0 0 0 145025 12.2232
RE+3_2_04 0 0 0 0 88322.7 7.44414
RE+3_2_05 0 0 0 0 80326 6.77016
RE+3_3_03 0 0 0 0 118781 6.02728
RE+3_3_04 0 0 0 0 124726 6.32896
RE+3_3_05 0 8 0 0 109917 5.57748
RE+3_2_06 0 0 0 0 140123 11.81
RE+3_2_07 0 0 0 0 122504 10.3251
RE+3_2_08 0 1 0 0 137741 11.6093
RE+3_3_06 0 1 0 0 89661.9 4.5497
RE+3_3_07 0 0 0 0 131887 6.69232
RE+3_3_08 0 0 0 0 133062 6.75193
RE+3_2_33 0 0 0 0 131738 11.1033
RE+3_2_34 0 0 0 0 147337 12.4181
RE+3_2_35 0 0 0 0 125501 10.5776
RE+3_3_33 0 0 0 0 47662.5 2.41854
RE+3_3_34 0 0 0 0 79852.6 4.05195
RE+3_3_35 0 0 0 0 105574 5.35713
RE+3_2_36 0 0 0 0 132229 11.1447
RE+3_2_01 0 0 0 0 122951 10.3627
RE+3_2_02 0 0 0 0 137518 11.5905
RE+3_3_36 0 0 0 0 54711.3 2.77621
RE+3_3_01 0 0 0 0 100903 5.12013
RE+3_3_02 0 0 0 0 112434 5.7052
RE+3_2_27 0 0 0 0 117542 9.90682
RE+3_2_28 0 0 0 0 148647 12.5285
RE+3_2_29 0 0 0 0 149343 12.5871
RE+3_3_27 0 0 0 0 64598.6 3.27792
RE+3_3_28 0 0 0 0 72766.1 3.69237
RE+3_3_29 1 0 0 0 37796 1.91788
RE+3_2_30 0 0 0 0 103911 8.75801
RE+3_2_31 0 0 0 0 125312 10.5617
RE+3_2_32 0 0 0 0 133592 11.2596
RE+3_3_30 0 0 0 0 69203.3 3.51158
RE+3_3_31 0 0 0 0 41670.5 2.11448
RE+3_3_32 0 0 0 0 63786.1 3.23669
