322633  -61885726387
W-1_RB4_1+F 41 0 0 0 470066 18.9622
W-1_RB3_1F 1 33 71 0 0 0
W-1_RB4_1+B 46 0 1 0 437103 18.8844
W-1_RB3_1B 0 39 79 0 0 0
W-1_RB2in_1F 0 0 0 0 26830.8 1.26982
W-1_RB2in_1C 0 1 0 0 54426 2.76398
W-1_RB2in_1B 0 0 0 0 11679.1 0.612396
W-1_RB2out_1F 0 0 0 0 36105.4 1.16283
W-1_RB1out_1F 0 0 0 0 122572 4.75248
W-1_RB1in_1F 1 0 0 0 165448 6.4149
W-1_RB2out_1B 0 4 0 0 29182 1.00658
W-1_RB1out_1B 0 0 0 0 79828.4 3.31494
W-1_RB1in_1B 0 0 0 0 85825.5 3.56398
W-1_RB4_2+F 2 90 87 0 0 0
W-1_RB3_2F 0 0 0 0 18751.8 1.01199
W-1_RB4_2+B 7 80 88 0 0 0
W-1_RB3_2B 0 0 0 0 21834.1 1.262
W-1_RB2in_2F 0 0 0 0 54308.8 2.57027
W-1_RB2in_2C 0 0 0 0 53554.9 2.71974
W-1_RB2in_2B 0 1 0 0 26696.5 1.39984
W-1_RB2out_2F 1 0 0 0 29904.2 0.96311
W-1_RB1out_2F 0 0 0 0 190360 7.38082
W-1_RB1in_2F 0 0 0 0 206240 7.99652
W-1_RB2out_2B 0 1 1 0 17687.7 0.610106
W-1_RB1out_2B 0 1 0 0 210897 8.75768
W-1_RB1in_2B 1 1 0 0 171671 7.1288
W-1_RB4_3+F 0 0 0 0 370432 17.6998
W-1_RB3_3F 0 0 0 0 16131.4 1.03118
W-1_RB4_3+B 0 0 0 0 434102 22.5096
W-1_RB3_3B 1 0 0 0 14980.1 1.03919
W-1_RB2in_3F 0 0 0 0 44720 2.74464
W-1_RB2in_3C 0 0 0 0 67592.2 3.43261
W-1_RB2in_3B 0 0 0 0 23236.8 1.63235
W-1_RB2out_3F 0 0 0 0 31106.7 1.18666
W-1_RB1out_3F 1 1 0 0 174534 8.01564
W-1_RB1in_3F 1 0 0 0 163133 7.49202
W-1_RB2out_3B 0 4 0 0 22182.9 0.918351
W-1_RB1out_3B 2 0 0 0 94086.5 4.68923
W-1_RB1in_3B 3 0 0 0 106797 5.32272
W-1_RB4_10+F 0 0 0 0 14941 0.481198
W-1_RB4_10-F 0 1 0 0 8488.54 0.273387
W-1_RB3_10F 0 0 0 0 12317 0.664722
W-1_RB4_10+B 2 0 0 0 13616.2 0.469665
W-1_RB4_10-B 4 0 0 0 9642.03 0.332585
W-1_RB3_10B 1 0 0 0 14255.1 0.823935
W-1_RB2in_10F 0 0 0 0 17758.3 0.840446
W-1_RB2in_10C 0 0 0 0 14091.8 0.715641
W-1_RB2in_10B 0 0 0 0 13288.3 0.696773
W-1_RB2out_10F 0 0 0 0 44911.3 1.44644
W-1_RB1out_10F 0 0 0 0 129326 5.01436
W-1_RB1in_10F 0 0 0 0 200890 7.78908
W-1_RB2out_10B 0 0 0 0 35409.6 1.22139
W-1_RB1out_10B 0 0 0 0 74852 3.10829
W-1_RB1in_10B 0 0 0 0 134175 5.57174
W-1_RB4_11F 0 0 0 0 9057.62 0.36538
W-1_RB3_11F 14 7 23 1 282152 15.2271
W-1_RB4_11B 0 0 0 0 11789.7 0.509357
W-1_RB3_11B 38 24 1 2 125287 7.24152
W-1_RB2in_11F 0 0 0 0 28754.5 1.36086
W-1_RB2in_11C 0 0 0 0 27684.3 1.40592
W-1_RB2in_11B 0 0 0 0 11970.1 0.627655
W-1_RB2out_11F 0 0 0 0 43560 1.40292
W-1_RB1out_11F 0 0 0 0 160924 6.23948
W-1_RB1in_11F 0 0 0 0 212359 8.23378
W-1_RB2out_11B 0 0 0 0 26304.5 0.907327
W-1_RB1out_11B 0 0 0 0 108357 4.4996
W-1_RB1in_11B 0 0 0 0 154564 6.41839
W-1_RB4_12+F 0 0 0 0 133040 5.36678
W-1_RB3_12F 1 0 41 0 6097.02 0.329042
W-1_RB4_12+B 0 0 0 0 102868 4.44428
W-1_RB3_12B 2 0 40 0 5088.06 0.294087
W-1_RB2in_12F 0 0 0 0 34419.2 1.62895
W-1_RB2in_12C 0 0 0 0 31993.9 1.62478
W-1_RB2in_12B 1 0 0 0 21375.8 1.12084
W-1_RB2out_12F 0 0 0 0 25992.4 0.837124
W-1_RB1out_12F 7 0 0 0 98034.7 3.80109
W-1_RB1in_12F 0 0 0 0 182206 7.06465
W-1_RB2out_12B 0 0 0 0 18481.3 0.637481
W-1_RB1out_12B 0 0 0 0 67123.7 2.78737
W-1_RB1in_12B 0 0 0 0 112294 4.66309
