322633  -61885726387
W0_RB4_1+F 59 1 36 0 0 0
W0_RB3_1F 1 0 0 0 17659.9 0.953063
W0_RB4_1+B 96 0 0 0 0 0
W0_RB3_1B 0 0 0 0 8649.46 0.499934
W0_RB2in_1F 0 0 0 0 16304.4 0.771636
W0_RB2in_1C 0 1 0 0 10732.1 0.545018
W0_RB2in_1B 0 1 0 0 10347.6 0.542575
W0_RB2out_1F 0 0 0 0 19427.2 0.625683
W0_RB1out_1F 0 0 0 0 36255.1 1.40572
W0_RB1in_1F 0 0 0 0 37412.7 1.4506
W0_RB2out_1B 0 1 0 0 8106.81 0.27963
W0_RB1out_1B 0 0 0 0 31206.7 1.29589
W0_RB1in_1B 0 1 0 0 30181.3 1.2533
W0_RB4_2+F 0 0 0 0 391056 15.775
W0_RB3_2F 0 0 0 0 33064.3 1.7844
W0_RB4_2+B 1 0 0 0 300747 12.9934
W0_RB3_2B 2 0 0 0 33790 1.95305
W0_RB2in_2F 0 0 0 0 17274.8 0.817563
W0_RB2in_2C 0 0 0 0 29677.3 1.50713
W0_RB2in_2B 0 2 1 0 16024.2 0.84023
W0_RB2out_2F 0 0 0 0 28265.2 0.910325
W0_RB1out_2F 0 0 0 0 71519.7 2.77303
W0_RB1in_2F 0 0 0 0 75271.6 2.9185
W0_RB2out_2B 0 0 0 0 27390.3 0.944781
W0_RB1out_2B 0 0 0 0 48179.2 2.00068
W0_RB1in_2B 0 1 0 0 37006.8 1.53674
W0_RB4_3+F 0 0 0 0 448472 18.0911
W0_RB3_3F 6 8 0 0 12782.9 0.689862
W0_RB4_3+B 0 1 0 0 435670 18.8225
W0_RB3_3B 0 0 0 0 16546.5 0.956381
W0_RB2in_3F 1 8 0 0 23087.1 1.09264
W0_RB2in_3C 0 0 0 0 29186.4 1.48221
W0_RB2in_3B 8 0 0 0 26618.7 1.39575
W0_RB2out_3F 1 0 0 0 18054 0.581457
W0_RB1out_3F 0 0 0 0 50181.4 1.94568
W0_RB1in_3F 0 0 0 0 51973.7 2.01517
W0_RB2out_3B 0 0 0 0 30943.7 1.06735
W0_RB1out_3B 1 0 0 0 42832.5 1.77866
W0_RB1in_3B 0 0 0 0 52102.9 2.16362
W0_RB4_10-F 0 1 0 0 8017.04 0.258201
W0_RB4_10+F 1 13 0 0 6092.35 0.196213
W0_RB3_10F 1 0 0 0 11404 0.615446
W0_RB4_10-B 0 0 0 0 8788.55 0.303145
W0_RB4_10+B 0 0 0 0 7943.56 0.273999
W0_RB3_10B 0 1 0 0 8817.92 0.509671
W0_RB2in_10F 6 0 0 0 13829.3 0.6545
W0_RB2in_10C 0 0 0 0 15118.7 0.767788
W0_RB2in_10B 0 0 0 0 12891.9 0.675986
W0_RB2out_10F 6 0 0 0 26732.6 0.860965
W0_RB1out_10F 0 0 0 0 41184.6 1.59685
W0_RB1in_10F 0 0 0 0 48253.9 1.87094
W0_RB2out_10B 0 0 0 0 21309.6 0.735036
W0_RB1out_10B 0 0 0 0 43311.4 1.79854
W0_RB1in_10B 0 0 0 0 42057.1 1.74646
W0_RB4_11F 0 0 0 0 8935.99 0.360473
W0_RB3_11F 1 14 0 0 7248.24 0.391171
W0_RB4_11B 0 5 4 0 7071.72 0.305524
W0_RB3_11B 0 0 0 0 7750.41 0.447969
W0_RB2in_11F 0 0 0 0 23827 1.12766
W0_RB2in_11C 0 0 0 0 14493.3 0.736032
W0_RB2in_11B 0 0 0 0 11030.8 0.5784
W0_RB2out_11F 0 0 0 0 27882.7 0.898006
W0_RB1out_11F 0 0 0 0 67094.2 2.60144
W0_RB1in_11F 0 0 0 0 72398.4 2.8071
W0_RB2out_11B 0 0 0 0 27919.5 0.963033
W0_RB1out_11B 1 0 0 0 53493.9 2.22138
W0_RB1in_11B 0 0 0 0 79412.7 3.29768
W0_RB4_12+F 0 2 0 0 120253 4.85096
W0_RB3_12F 0 1 0 0 12539.2 0.676714
W0_RB4_12+B 0 2 0 0 127507 5.50877
W0_RB3_12B 2 0 0 0 25163.1 1.45441
W0_RB2in_12F 0 1 0 0 14899.6 0.705152
W0_RB2in_12C 0 1 0 0 22769.3 1.15632
W0_RB2in_12B 0 1 0 0 12427.7 0.651645
W0_RB2out_12F 0 0 0 0 25025.4 0.805983
W0_RB1out_12F 0 0 0 0 41334.3 1.60265
W0_RB1in_12F 0 0 0 0 57148.5 2.21581
W0_RB2out_12B 0 0 0 0 22951.5 0.79167
W0_RB1out_12B 0 0 0 0 30021.9 1.24668
W0_RB1in_12B 0 0 0 0 55086.7 2.28752
