322633  -61885726387
RE-1_2_36 0 0 0 0 78521.2 6.67292
RE-1_2_01 0 0 0 0 68885.7 5.85407
RE-1_2_02 0 0 0 0 86079.5 7.31523
RE-1_3_36 0 0 0 0 23709.8 1.32406
RE-1_3_01 0 0 0 0 58776.9 3.28237
RE-1_3_02 0 0 0 0 34301.6 1.91556
RE-2_2_02 0 1 0 0 142312 11.9946
RE-2_2_03 0 1 0 0 159446 13.4386
RE-2_2_04 0 0 0 0 95176 8.02176
RE-2_3_02 0 0 0 0 69531.9 3.52825
RE-2_3_03 0 0 0 0 67433.7 3.42178
RE-2_3_04 0 0 0 0 84977.5 4.31201
RE-1_2_03 0 0 0 0 66136.1 5.6204
RE-1_2_04 0 0 0 0 87841.8 7.465
RE-1_2_05 0 0 0 0 58378.5 4.96114
RE-1_3_03 0 0 0 0 22634.4 1.26401
RE-1_3_04 0 5 0 0 82985.1 4.63427
RE-1_3_05 0 0 0 0 23992.3 1.33984
RE-2_2_05 0 0 0 0 139073 11.7215
RE-2_2_06 0 2 0 0 112912 9.51665
RE-2_2_07 0 0 0 0 138020 11.6328
RE-2_3_05 0 0 0 0 82188.7 4.1705
RE-2_3_06 0 1 0 0 70725 3.58879
RE-2_3_07 0 2 0 0 72583.2 3.68308
RE-1_2_06 0 0 0 0 84909 7.21577
RE-1_2_07 0 0 0 0 59073.8 5.02023
RE-1_2_08 0 0 0 0 86681.9 7.36643
RE-1_3_06 0 0 0 0 26432.9 1.47614
RE-1_3_07 0 0 0 0 24731.8 1.38114
RE-1_3_08 0 0 0 0 26848.3 1.49933
RE-2_2_08 0 1 0 0 145190 12.2371
RE-2_2_09 0 0 0 0 169187 14.2597
RE-2_2_10 0 1 0 0 155642 13.1181
RE-2_3_08 0 0 0 0 52027.3 2.64002
RE-2_3_09 0 0 0 0 71683.9 3.63745
RE-2_3_10 0 0 0 0 80733.3 4.09664
RE-1_2_27 0 0 0 0 64617.2 5.49132
RE-1_2_28 0 1 0 0 52618.2 4.47162
RE-1_2_29 1 0 0 1 114128 9.69891
RE-1_3_27 0 0 0 0 13509.3 0.754419
RE-1_3_28 0 0 0 0 10616.2 0.592855
RE-1_3_29 0 0 0 0 14143.7 0.789848
RE-2_2_29 0 0 0 0 167324 14.1027
RE-2_2_30 0 1 0 0 135118 11.3882
RE-2_2_31 0 2 0 0 158796 13.3839
RE-2_3_29 0 0 0 0 42212.2 2.14197
RE-2_3_30 0 1 0 0 51994.7 2.63836
RE-2_3_31 0 1 0 0 56485.5 2.86624
RE-1_2_30 0 0 0 0 96244.4 8.17907
RE-1_2_31 0 2 0 0 32425.5 2.75559
RE-1_2_32 0 2 0 0 65387.9 5.55682
RE-1_3_30 0 0 0 0 20974.4 1.17131
RE-1_3_31 1 0 0 0 17594.1 0.982534
RE-1_3_32 8 0 0 0 16029.8 0.895175
RE-2_2_32 4 0 0 0 122487 10.3237
RE-2_2_33 0 0 0 0 132776 11.1908
RE-2_2_34 1 2 0 0 119839 10.1005
RE-2_3_32 4 0 0 0 43731 2.21904
RE-2_3_33 4 0 0 0 51980.5 2.63764
RE-2_3_34 0 0 0 0 77500 3.93258
RE-1_2_33 0 2 0 0 61959.9 5.2655
RE-1_2_34 0 0 0 0 97245.1 8.26411
RE-1_2_35 0 3 0 0 59196.8 5.03068
RE-1_3_33 0 2 0 0 89157.6 4.97897
RE-1_3_34 0 0 0 0 14888 0.831415
RE-1_3_35 0 0 0 0 18963.4 1.059
RE-2_2_35 0 1 0 0 139405 11.7496
RE-2_2_36 0 2 0 0 115837 9.76315
RE-2_2_01 0 1 0 0 155204 13.0811
RE-2_3_35 0 1 0 0 85177.8 4.32217
RE-2_3_36 0 1 0 0 52152.9 2.64639
RE-2_3_01 0 2 0 0 71114 3.60853
