322633  -61885726387
RE-4_2_09 0 1 0 0 269853 22.7442
RE-4_2_10 0 0 0 0 333218 28.0847
RE-4_2_11 0 1 0 0 278682 23.4883
RE-4_3_09 0 0 0 0 387405 19.6581
RE-4_3_10 0 0 0 0 415928 21.1054
RE-4_3_11 0 0 0 0 209089 10.6098
RE-4_2_12 0 0 0 0 292036 24.6138
RE-4_2_13 0 5 0 1 300325 25.3124
RE-4_2_14 0 0 0 0 230300 19.4105
RE-4_3_12 0 0 0 0 350584 17.7896
RE-4_3_13 0 0 0 0 288240 14.6261
RE-4_3_14 0 0 0 0 274131 13.9102
RE-4_2_15 0 2 0 0 240530 20.2727
RE-4_2_16 0 1 0 0 257224 21.6798
RE-4_2_17 0 0 0 0 253477 21.3639
RE-4_3_15 0 1 0 0 225932 11.4644
RE-4_3_16 0 0 0 0 267070 13.5519
RE-4_3_17 0 0 0 0 303603 15.4057
RE-4_2_18 0 2 0 0 209659 17.6708
RE-4_2_19 0 2 0 0 217260 18.3114
RE-4_2_20 0 1 0 0 265106 22.344
RE-4_3_18 0 0 0 0 257825 13.0828
RE-4_3_19 0 0 0 0 327321 16.6092
RE-4_3_20 0 2 0 0 302028 15.3258
RE-4_2_21 0 2 0 0 186395 15.71
RE-4_2_22 0 2 0 0 108233 9.12224
RE-4_2_23 0 1 0 0 169415 14.2789
RE-4_3_21 0 0 0 0 152159 7.721
RE-4_3_22 0 1 0 0 239470 12.1514
RE-4_3_23 0 1 0 0 193676 9.8277
RE-4_2_24 0 0 0 0 193568 16.3145
RE-4_2_25 0 0 0 0 217898 18.3652
RE-4_2_26 0 1 0 0 237756 20.0389
RE-4_3_24 0 1 0 0 173667 8.81237
RE-4_3_25 0 0 0 0 141457 7.17794
RE-4_3_26 0 4 0 1 278682 14.1411
RE-3_2_09 1 1 0 0 144952 12.2171
RE-3_2_10 0 0 0 0 142175 11.983
RE-3_2_11 0 1 0 0 129877 10.9465
RE-3_3_09 0 0 0 0 107177 5.4385
RE-3_3_10 0 0 0 0 110594 5.61187
RE-3_3_11 0 0 1 0 112309 5.69887
RE-3_2_12 0 0 0 0 139136 11.7269
RE-3_2_13 0 0 0 0 155186 13.0796
RE-3_2_14 0 0 0 0 131383 11.0734
RE-3_3_12 0 0 0 0 99278.6 5.03769
RE-3_3_13 0 0 0 0 91660.4 4.65111
RE-3_3_14 0 0 0 0 87651.1 4.44767
RE-3_2_15 0 0 0 0 123976 10.4491
RE-3_2_16 0 0 0 0 107036 9.02134
RE-3_2_17 0 0 0 0 94323.5 7.94992
RE-3_3_15 0 0 0 0 99471.8 5.04749
RE-3_3_16 0 0 0 0 99068.2 5.02701
RE-3_3_17 1 0 0 0 83134.4 4.21848
RE-3_2_18 0 0 0 0 108404 9.13665
RE-3_2_19 0 0 0 0 136936 11.5414
RE-3_2_20 2 0 0 0 93489.1 7.87959
RE-3_3_18 0 0 0 0 87577.1 4.44392
RE-3_3_19 16 0 0 0 67915.9 3.44625
RE-3_3_20 0 0 0 0 77156.2 3.91513
RE-3_2_21 0 0 0 0 137113 11.5564
RE-3_2_22 0 0 0 0 156841 13.2191
RE-3_2_23 0 0 0 0 144110 12.1461
RE-3_3_21 0 0 0 0 76548.2 3.88428
RE-3_3_22 0 0 0 0 71801.5 3.64341
RE-3_3_23 1 0 0 0 55148.7 2.7984
RE-3_2_24 0 0 0 0 113154 9.53703
RE-3_2_25 0 0 0 0 109364 9.2176
RE-3_2_26 0 0 0 0 133884 11.2842
RE-3_3_24 0 0 0 0 60615.9 3.07583
RE-3_3_25 0 0 0 0 48209.7 2.4463
RE-3_3_26 0 0 0 0 65465.9 3.32193
