322633  -61885726387
RE-1_2_09 0 0 0 0 62945.5 5.34925
RE-1_2_10 0 0 0 0 86017.1 7.30993
RE-1_2_11 0 0 0 0 60918.8 5.17703
RE-1_3_09 0 0 0 0 32340.2 1.80602
RE-1_3_10 10 24 0 0 19050.8 1.06388
RE-1_3_11 0 0 0 0 20615.8 1.15128
RE-2_2_11 0 0 0 0 131720 11.1018
RE-2_2_12 0 0 0 0 121605 10.2493
RE-2_2_13 0 1 0 0 140760 11.8637
RE-2_3_11 0 0 0 0 70714.8 3.58828
RE-2_3_12 0 0 0 0 55671.9 2.82495
RE-2_3_13 1 1 0 0 61031.6 3.09692
RE-1_2_12 3 0 0 0 86167.7 7.32273
RE-1_2_13 0 0 0 0 58521.6 4.97331
RE-1_2_14 0 0 0 0 93616.9 7.95578
RE-1_3_12 0 0 0 0 23361.9 1.30463
RE-1_3_13 0 0 0 0 29742.4 1.66095
RE-1_3_14 0 0 0 0 25637.3 1.4317
RE-2_2_14 0 1 0 0 158038 13.32
RE-2_2_15 0 2 0 0 124509 10.4941
RE-2_2_16 0 1 0 0 146557 12.3523
RE-2_3_14 0 0 0 0 43508.4 2.20774
RE-2_3_15 0 0 0 0 53429.2 2.71115
RE-2_3_16 0 0 0 0 52757.7 2.67708
RE-1_2_15 0 0 0 0 74146 6.3011
RE-1_2_16 0 0 0 0 90645.2 7.70324
RE-1_2_17 0 0 0 0 62078.3 5.27556
RE-1_3_15 0 0 0 0 24075.3 1.34447
RE-1_3_16 0 0 0 0 37932.2 2.11831
RE-1_3_17 0 0 0 0 26318.3 1.46974
RE-2_2_17 0 0 0 0 142316 11.9949
RE-2_2_18 0 0 0 0 136455 11.5009
RE-2_2_19 0 1 0 0 149991 12.6418
RE-2_3_17 0 0 0 0 78896.2 4.00342
RE-2_3_18 0 1 0 0 53454.2 2.71242
RE-2_3_19 0 0 0 0 66969.4 3.39822
RE-1_2_18 0 0 0 0 77290.8 6.56835
RE-1_2_19 0 0 0 0 73999.2 6.28863
RE-1_2_20 0 0 0 0 71350 6.06349
RE-1_3_18 0 0 0 0 45304.8 2.53003
RE-1_3_19 0 0 0 0 25036.2 1.39814
RE-1_3_20 0 0 0 0 44828 2.5034
RE-2_2_20 1 0 0 0 145550 12.2675
RE-2_2_21 0 1 0 0 145893 12.2964
RE-2_2_22 0 1 0 0 149396 12.5916
RE-2_3_20 0 0 0 0 71153.9 3.61056
RE-2_3_21 0 0 0 0 65729.4 3.3353
RE-2_3_22 0 0 0 0 47935.9 2.43241
RE-1_2_21 0 0 0 0 65308.1 5.55004
RE-1_2_22 0 0 0 0 81157 6.89691
RE-1_2_23 0 0 0 0 55808.4 4.74272
RE-1_3_21 1 0 0 0 47176.2 2.63453
RE-1_3_22 0 0 0 0 25733.7 1.43709
RE-1_3_23 0 0 0 0 20901.6 1.16724
RE-2_2_23 1 1 0 0 127166 10.718
RE-2_2_24 0 0 0 0 146304 12.331
RE-2_2_25 0 1 0 0 147407 12.424
RE-2_3_23 0 1 0 0 62891.3 3.19129
RE-2_3_24 0 0 0 0 49816.6 2.52784
RE-2_3_25 0 0 0 0 47104.3 2.39021
RE-1_2_24 0 0 0 0 70315 5.97553
RE-1_2_25 1 0 0 0 60691.9 5.15774
RE-1_2_26 1 0 0 0 70750.5 6.01255
RE-1_3_24 0 0 0 0 20420.9 1.1404
RE-1_3_25 0 0 0 0 13772.7 0.769132
RE-1_3_26 0 0 0 0 30880.5 1.72451
RE-2_2_26 0 1 0 0 149777 12.6237
RE-2_2_27 0 0 0 0 138762 11.6954
RE-2_2_28 2 0 0 0 149331 12.5861
RE-2_3_26 0 0 0 0 55232.3 2.80265
RE-2_3_27 0 0 0 0 20557.9 1.04317
RE-2_3_28 0 0 0 0 37632.6 1.90959
