322633  -61885726387
W-2_RB4_4+F 0 0 0 0 156405 8.44082
W-2_RB4_4-F 1 16 30 0 87367.4 4.71502
W-2_RB3_4F 3 0 0 1 173532 9.36512
W-2_RB4_4+B 0 0 0 0 164858 9.52871
W-2_RB4_4-B 0 8 36 0 72506.1 4.19081
W-2_RB3_4B 0 0 0 0 17814.7 1.02968
W-2_RB2out_4F 0 0 0 0 59418.6 2.8121
W-2_RB2out_4C 0 0 0 0 52149.4 2.64836
W-2_RB2out_4B 8 0 0 0 44879.4 2.35326
W-2_RB2in_4F 0 0 0 0 80826.7 2.60315
W-2_RB1out_4F 1 0 0 0 285143 11.0558
W-2_RB1in_4F 0 0 0 0 313800 12.1669
W-2_RB2in_4B 0 0 0 0 68551.4 2.36456
W-2_RB1out_4B 1 6 0 1 382023 15.8638
W-2_RB1in_4B 0 0 0 0 264667 10.9905
W-2_RB4_5+F 0 48 30 37 3.03049e+06 122.248
W-2_RB3_5F 0 0 0 0 26357.9 1.42247
W-2_RB4_5+B 0 43 39 44 4.6773e+06 202.076
W-2_RB3_5B 2 0 0 0 20806.2 1.20259
W-2_RB2out_5F 0 0 0 0 98424.7 4.65814
W-2_RB2out_5C 0 0 0 0 103159 5.23884
W-2_RB2out_5B 1 0 0 0 64996.6 3.4081
W-2_RB2in_5F 0 0 0 0 106865 3.44174
W-2_RB1out_5F 1 0 0 0 209270 8.11399
W-2_RB1in_5F 0 0 0 0 324978 12.6003
W-2_RB2in_5B 0 0 0 0 95334 3.28838
W-2_RB1out_5B 2 0 0 0 193663 8.04202
W-2_RB1in_5B 4 0 0 0 287386 11.9339
W-2_RB4_6+F 0 0 0 0 432096 17.4305
W-2_RB3_6F 0 0 0 0 18397.7 0.992879
W-2_RB4_6+B 0 0 0 0 428266 18.5026
W-2_RB3_6B 1 1 0 0 11910.2 0.6884
W-2_RB2out_6F 0 0 0 0 56123.7 2.65616
W-2_RB2out_6C 0 0 0 0 74943.7 3.80595
W-2_RB2out_6B 0 0 0 0 43371.3 2.27418
W-2_RB2in_6F 0 0 0 0 97194.1 3.13028
W-2_RB1out_6F 0 0 0 0 316818 12.284
W-2_RB1in_6F 0 0 0 0 270524 10.489
W-2_RB2in_6B 0 0 0 0 88311 3.04613
W-2_RB1out_6B 0 0 0 0 233234 9.68522
W-2_RB1in_6B 0 0 0 0 258111 10.7183
W-2_RB4_7+F 1 8 47 0 145949 5.88752
W-2_RB3_7F 3 0 0 0 26883.6 1.45085
W-2_RB4_7+B 1 19 47 0 107018 4.62357
W-2_RB3_7B 0 1 1 0 24654.2 1.425
W-2_RB2out_7F 0 0 0 0 44647.3 2.11302
W-2_RB2out_7C 1 0 0 0 47479 2.41118
W-2_RB2out_7B 0 0 0 0 26086.3 1.36784
W-2_RB2in_7F 7 0 0 0 66735.2 2.14931
W-2_RB1out_7F 0 1 1 0 215000 8.33619
W-2_RB1in_7F 1 0 0 0 296205 11.4847
W-2_RB2in_7B 0 0 0 0 69731.5 2.40526
W-2_RB1out_7B 0 0 0 0 175969 7.30726
W-2_RB1in_7B 0 0 0 0 302001 12.5408
W-2_RB4_8+F 0 31 15 0 63202.7 3.4109
W-2_RB3_8F 0 0 0 0 15760.9 0.850581
W-2_RB4_8+B 0 33 16 1 78249 4.52275
W-2_RB3_8B 0 0 0 0 12905.2 0.745915
W-2_RB2out_8F 0 0 0 0 87435.4 4.13805
W-2_RB2out_8C 1 0 0 0 146803 7.45528
W-2_RB2out_8B 0 0 0 0 49798.5 2.61119
W-2_RB2in_8F 0 0 0 0 119328 3.84314
W-2_RB1out_8F 0 0 0 0 143809 5.57589
W-2_RB1in_8F 1 0 0 0 204996 7.94828
W-2_RB2in_8B 0 0 0 0 111427 3.84346
W-2_RB1out_8B 0 0 0 0 136124 5.65265
W-2_RB1in_8B 0 0 0 0 213949 8.88443
W-2_RB4_9F 1 0 0 0 28171.9 1.13644
W-2_RB3_9F 0 0 0 0 16732.7 0.903027
W-2_RB4_9B 1 0 0 0 19934.7 0.861252
W-2_RB3_9B 1 0 0 0 9288.34 0.536861
W-2_RB2out_9F 0 0 0 0 32589.8 1.54238
W-2_RB2out_9C 0 0 0 0 35218.4 1.78854
W-2_RB2out_9B 1 0 0 0 28307.8 1.48432
W-2_RB2in_9F 0 0 0 0 119877 3.86083
W-2_RB1out_9F 0 0 0 0 235194 9.11917
W-2_RB1in_9F 1 0 0 0 234507 9.09252
W-2_RB2in_9B 0 0 0 0 94236.7 3.25053
W-2_RB1out_9B 1 0 0 0 181687 7.54469
W-2_RB1in_9B 0 0 0 0 202928 8.42674
