322633  -61885726387
RE-4_2_33 0 1 0 0 194269 16.3737
RE-4_2_34 0 2 0 0 195597 16.4856
RE-4_2_35 0 1 0 1 242353 20.4263
RE-4_3_33 0 0 0 0 215062 10.9129
RE-4_3_34 0 0 0 0 278701 14.1421
RE-4_3_35 1 1 0 0 257201 13.0511
RE-4_2_36 0 2 0 0 205783 17.3441
RE-4_2_01 0 1 0 0 228575 19.2651
RE-4_2_02 0 1 0 0 241351 20.3419
RE-4_3_36 0 1 0 0 280168 14.2166
RE-4_3_01 2 1 0 0 284151 14.4187
RE-4_3_02 0 0 0 0 287987 14.6133
RE-4_2_03 0 1 0 0 214903 18.1128
RE-4_2_04 0 1 0 0 249018 20.9881
RE-4_2_05 0 2 0 0 229850 19.3726
RE-4_3_03 1 0 0 0 291189 14.7758
RE-4_3_04 0 0 0 0 278444 14.1291
RE-4_3_05 0 1 0 0 260173 13.2019
RE-4_2_06 0 1 0 0 246161 20.7473
RE-4_2_07 0 0 0 0 277753 23.41
RE-4_2_08 0 1 0 0 266330 22.4473
RE-4_3_06 0 1 0 0 275534 13.9814
RE-4_3_07 0 0 0 0 349489 17.7341
RE-4_3_08 0 0 0 0 239651 12.1606
RE-4_2_27 0 0 0 0 211069 17.7896
RE-4_2_28 0 1 0 0 256146 21.5889
RE-4_2_29 0 2 0 0 224380 18.9115
RE-4_3_27 0 0 0 0 252508 12.813
RE-4_3_28 0 0 0 0 269301 13.6651
RE-4_3_29 0 0 0 0 244400 12.4015
RE-4_2_30 0 6 0 0 104077 8.77198
RE-4_2_31 0 2 0 0 196263 16.5417
RE-4_2_32 0 1 0 0 194957 16.4316
RE-4_3_30 0 3 0 0 202154 10.2579
RE-4_3_31 0 2 0 0 155089 7.86967
RE-4_3_32 0 1 0 0 172150 8.7354
RE-3_2_33 0 1 0 0 132300 11.1507
RE-3_2_34 0 0 0 0 130651 11.0117
RE-3_2_35 0 0 0 0 111795 9.42245
RE-3_3_33 0 0 0 0 75554.3 3.83384
RE-3_3_34 0 0 0 0 72755.3 3.69182
RE-3_3_35 0 0 0 0 85792.7 4.35337
RE-3_2_36 0 0 0 0 115903 9.76867
RE-3_2_01 1 0 0 0 119331 10.0576
RE-3_2_02 1 0 0 0 136672 11.5192
RE-3_3_36 0 0 0 0 87408.9 4.43538
RE-3_3_01 0 0 0 0 77182.2 3.91645
RE-3_3_02 0 0 0 0 93637.1 4.75142
RE-3_2_03 0 1 0 0 128290 10.8127
RE-3_2_04 0 1 0 0 117685 9.91888
RE-3_2_05 0 0 0 0 125699 10.5943
RE-3_3_03 0 0 0 0 94191.6 4.77956
RE-3_3_04 0 1 0 0 89929.2 4.56327
RE-3_3_05 1 0 0 0 87547.3 4.4424
RE-3_2_06 0 0 0 0 134485 11.3349
RE-3_2_07 0 1 0 0 112084 9.44681
RE-3_2_08 0 0 0 0 166487 14.0321
RE-3_3_06 0 1 0 0 119645 6.07112
RE-3_3_07 0 0 0 0 60950.6 3.09281
RE-3_3_08 0 0 0 0 92342.7 4.68574
RE-3_2_27 0 0 0 0 110202 9.2882
RE-3_2_28 1 0 0 0 147979 12.4722
RE-3_2_29 0 1 0 0 99533.3 8.38901
RE-3_3_27 0 0 0 0 60752.6 3.08277
RE-3_3_28 0 0 0 0 33586.7 1.70429
RE-3_3_29 0 0 0 0 55183.9 2.80019
RE-3_2_30 1 0 0 0 67009.8 5.64782
RE-3_2_31 0 0 0 0 140424 11.8354
RE-3_2_32 1 1 0 0 127226 10.723
RE-3_3_30 0 1 0 0 70559.1 3.58037
RE-3_3_31 0 0 0 0 50876.1 2.5816
RE-3_3_32 0 2 0 0 45751.3 2.32156
