                     CSC background at 4.8x10ˆ33 cm-2s-1 in 2017  

Chamber#   ME-11      ME-12     ME-13     ME-21      ME-22     ME-31     ME-32    ME-41    ME-42 

    1     173.88       5.80      1.79     100.94      4.25     60.72      5.78     64.55     14.87 
    2     150.33       7.14      1.98      98.16      4.85     60.18      6.34     65.89     16.52 
    3     175.14       5.47      1.72       0.00      4.39     61.44      5.60     66.01     14.82 
    4     148.50       6.27      1.93      98.92      4.92     61.38      6.44     66.17     16.24 
    5     197.09       5.29      1.89     100.15      4.39     61.02      5.62     64.49     14.30 
    6     157.23       6.37      1.93      96.21      4.86     59.29      6.35     63.97     17.03 
    7     174.99       5.22      2.08     101.08      4.50     60.37      6.27     64.65     17.57 
    8     151.09       6.18      2.05      97.95      4.89     60.24      7.17     75.44     20.82 
    9     173.50       5.29      2.15      99.90      4.51     60.77      6.63     65.17     20.25 
   10     149.11       6.45      2.35      97.47      5.22     59.71      7.60     66.68     23.18 
   11     173.13       5.24      2.06      98.86      4.49     59.76      6.58     64.07     20.20 
   12     151.77       6.16      1.99      95.21      4.66     58.49      6.80     63.66     20.43 
   13     178.77       5.34      2.14      99.61      4.36     60.86      6.20     65.32     17.42 
   14     159.70       6.62      2.04      97.42      5.16     60.33      6.44     67.69     16.77 
   15     176.47       5.38      1.98     101.29      4.85     61.99      5.72     66.91     14.12 
   16     150.93       6.45      2.00      98.07      4.85     61.42      6.50     67.13     16.67 
   17     174.33       5.60      1.73      99.24      4.35     60.46      5.76     64.78     15.17 
   18     152.81       6.97      1.60      95.91      4.68     58.88      6.17     63.85     16.48 
   19     178.13       5.86      1.72                 4.30                5.80               15.29   
   20     154.51       6.95      1.85                 4.62                6.21               16.69   
   21     177.61       5.68      1.43                 4.18                5.45                0.00   
   22     152.07       6.79      1.47                 4.78                5.70               13.68   
   23     175.67       5.36      1.31                 4.05                4.49               10.53   
   24     153.31       6.16      1.12                 4.05                4.53               10.20   
   25     176.16       5.24      1.07                 3.73                4.24               10.18   
   26     158.96       6.38      0.89                 4.17                5.06               13.21   
   27     182.68       5.09      0.70                 3.65                4.55               13.04   
   28     149.91       5.93      0.68                 3.82                4.97               14.21   
   29     178.84       5.08      0.70                 3.51                4.49               12.87   
   30     149.92       6.22      0.86                 4.03                4.87               13.75   
   31     176.71       5.09      1.03                 3.79                4.31               10.29   
   32     151.97       6.13      1.12                 4.26                4.77               10.50   
   33     206.00       5.35      1.29                 3.97                4.56               10.35   
   34       0.00       6.63      1.44                 4.84                5.77               13.45   
   35       0.00       5.38      1.32                 4.18                5.44               13.72   
   36     152.41       6.46      1.48                 4.46                5.93               15.92   
   
   
                     CSC background at 4.8x10ˆ33 cm-2s-1 in 2018  

Chamber#   ME-11      ME-12     ME-13     ME-21      ME-22     ME-31     ME-32    ME-41    ME-42 

    1     179.54       5.88      1.79     101.96      4.30     62.20      5.86     65.49     14.94 
    2     155.86       7.27      2.00      99.23      4.92     61.56      6.43     66.83     16.64 
    3     181.09       5.59      1.72       0.00      4.44     62.79      5.57     67.07     14.92 
    4     154.27       6.41      1.94     100.01      4.99     62.68      6.54     67.40     16.41 
    5     174.91       5.39      1.90     101.25      4.45     62.37      5.72     65.92     14.49 
    6     162.88       6.51      1.92      97.33      4.92     60.59      6.48     65.48     17.29 
    7     181.32       5.34      2.04     102.12      4.55     61.76      6.40     66.32     17.90 
    8     156.76       6.32      1.95      99.04      4.95     61.45      7.35     77.47     21.25 
    9     179.32       5.42      2.02     101.13      4.57     62.03      6.82     66.90     20.74 
   10     155.06       6.60      2.19      98.69      5.28     60.94      7.80     68.30     23.89 
   11     179.89       5.37      1.95      99.98      4.54     61.15      6.73     65.67     20.62 
   12     157.86       6.31      1.91      96.41      4.72     59.81      6.95     65.15     20.76 
   13     184.69       5.46      2.11     100.82      4.42     62.31      6.31     66.80     17.72 
   14     165.46       6.77      2.03      98.62      5.13     61.72      6.56     68.99     17.03 
   15     182.63       5.49      1.98     102.46      4.66     63.57      5.82     68.05     14.35 
   16     156.16       6.57      2.00      99.27      5.11     62.75      6.60     68.12     16.92 
   17     179.72       5.68      1.72     100.43      4.40     61.95      5.84     65.73     15.31 
   18     158.35       7.10      1.59      97.07      4.73     60.29      6.25     64.71     16.59 
   19     185.77       5.98      1.72                 4.35                5.88               15.40   
   20     160.03       7.08      1.85                 4.68                6.31               16.84   
   21     183.15       5.77      1.42                 4.24                5.53                0.00   
   22     157.51       6.90      1.46                 4.85                5.78               13.78   
   23     139.45       5.44      1.29                 4.07                4.55               10.63   
   24     159.08       6.26      1.11                 4.10                4.60               10.33   
   25     182.89       5.33      1.05                 3.78                4.31               10.27   
   26     164.94       6.49      0.87                 4.23                5.16               13.49   
   27     190.19       5.18      0.68                 3.69                4.66               13.34   
   28     153.59       6.03      0.65                 3.89                5.11               14.55   
   29     184.81       5.15      0.68                 3.55                4.59               13.14   
   30     155.07       6.31      0.85                 4.09                4.98               14.05   
   31     183.31       5.15      1.02                 3.85                4.39               10.45   
   32     156.41       6.24      1.11                 4.21                4.86               10.65   
   33     201.01       5.46      1.29                 4.03                4.63               10.46   
   34     159.30       6.79      1.43                 4.92                5.86               13.56   
   35     186.13       5.49      1.31                 4.24                5.52               13.82   
   36     157.61       6.57      1.48                 4.52                6.03               15.98 
   
   
                     CSC background at 4.8x10ˆ33 cm-2s-1 in 2017  

Chamber#   ME+11      ME+12     ME+13     ME+21      ME+22     ME+31     ME+32    ME+41    ME+42 

    1     178.32       5.66      1.86      99.22      4.25     62.06      6.07     64.61     15.98 
    2     154.39       7.01      2.09      97.24      4.85     62.29      6.64     66.45     17.41 
    3     177.74       5.40      1.90     100.85      4.41     64.21      6.09     66.10     15.98 
    4     155.49       6.23      2.19      98.33      5.15     63.50      6.94     68.13     17.76 
    5     176.79       5.35      2.19      98.71      4.49     62.51      6.21     65.83     15.39 
    6     158.50       6.62      2.31      95.17      5.10     61.26      6.98     65.01     19.07 
    7     177.18       5.34      2.58      98.97      4.83     62.35      6.97     66.05     19.82 
    8     151.28       6.30      2.53      97.03      5.31     62.13      8.11     67.17     23.09 
    9     174.78       5.34      2.67     100.90      4.87     62.53      7.57     66.01     23.12 
   10     150.52       6.44      2.88      98.03      5.85     62.33      8.70     67.43     26.73 
   11     175.06       5.32      2.51      98.69      4.86     62.16      7.49     65.00     23.52 
   12     151.40       6.30      2.40      95.98      5.00     60.71      7.73     63.66     22.80 
   13     183.97       5.37      2.59      99.54      4.61     62.78      6.90     64.93     19.92 
   14     159.72       6.61      2.40      96.81      5.25     62.77      7.07     67.34     18.00 
   15     178.04       5.37      2.27     101.15      4.57     63.88      6.15     66.47     14.70 
   16     153.65       6.42      2.24      98.23      5.16     63.04      7.00     66.65     17.39 
   17     163.24       5.54      1.90      98.09      4.42     61.76      6.14     64.30     15.74 
   18     153.49       7.05      1.68      94.86      4.69     60.31      6.48     64.00     16.81 
   19     180.74       5.85      1.76                 4.35                6.13               16.08   
   20     155.22       7.03      1.90                 4.65                6.47               17.39   
   21     181.67       5.71      1.45                 4.19                5.69               14.26   
   22     155.16       6.76      1.50                 4.89                5.98               14.17   
   23     179.09       5.35      1.30                 3.96                4.64               10.78   
   24     154.94       6.15      1.13                 3.96                4.62               10.36   
   25     179.35       5.19      1.08                 3.68                4.40               10.08   
   26     155.38       6.34      0.88                 4.16                5.25               13.79   
   27     187.51       5.11      0.70                 3.59                4.70               13.15   
   28     155.51       6.00      0.69                 3.74                5.20               14.79   
   29     181.58       5.21      0.70                 3.47                4.71               13.36   
   30     155.58       6.41      0.86                 3.96                5.07               13.46   
   31     180.27       5.18      1.03                 3.78                4.41               10.18   
   32     156.57       6.14      1.12                 4.25                4.90               10.46   
   33     163.29       5.28      1.30                 3.92                4.66               10.29   
   34     153.69       6.52      1.44                 4.87                5.91               13.71   
   35     181.68       5.30      1.32                 4.22                5.57               14.03   
   36     154.62       6.35      1.51                 4.47                6.20               16.54   
      
      
                     CSC background at 4.8x10ˆ33 cm-2s-1 in 2018  

Chamber#   ME+11      ME+12     ME+13     ME+21      ME+22     ME+31     ME+32    ME+41    ME+42 

    1     168.12       5.81      1.82      99.64      4.24     63.25      6.03     65.24     15.62 
    2     158.89       7.17      2.07      97.91      4.86     63.47      6.61     67.01     17.01 
    3     183.42       5.44      1.87     101.39      4.42     65.57      6.05     66.82     15.65 
    4     159.93       6.37      2.17      99.06      5.17     64.89      6.93     68.83     17.42 
    5     181.48       5.48      2.18      99.51      4.50     64.07      6.22     66.75     15.19 
    6     163.01       6.76      2.30      95.98      5.13     62.74      7.01     66.01     18.69 
    7     182.57       5.45      2.59     101.03      4.87     63.98      6.99     67.34     19.53 
    8     155.99       6.43      2.55      97.91      5.36     63.64      8.16     68.44     22.79 
    9     179.71       5.45      2.71     101.92      4.94     63.97      7.61     67.44     22.99 
   10     155.12       6.57      2.92      98.98      5.93     63.66      8.77     68.84     26.74 
   11     180.15       5.38      2.54      99.86      4.92     63.45      7.56     66.57     23.46 
   12     155.54       6.38      2.40      96.94      5.05     61.88      7.78     65.15     22.58 
   13     183.11       5.44      2.60     100.36      4.66     63.88      6.94     66.44     19.77 
   14     164.23       6.67      2.39      97.23      5.27     63.49      7.12     68.58     17.79 
   15     183.30       5.42      2.24     101.78      4.59     64.89      6.18     67.72     14.54 
   16     157.82       6.45      2.20      98.88      5.17     63.91      7.02     67.68     17.13 
   17     167.42       5.57      1.84     100.26      4.44     62.73      6.13     65.22     15.48 
   18     157.69       7.08      1.64      95.58      4.71     61.29      6.47     64.64     16.42 
   19     186.00       5.89      1.72                 4.36                6.12               15.71   
   20     159.52       7.08      1.86                 4.66                6.45               16.93   
   21     186.15       5.75      1.40                 4.21                5.67               13.95   
   22     160.82       6.79      1.45                 4.90                5.98               13.88   
   23     183.09       5.43      1.26                 1.79                4.64               10.61   
   24     159.67       6.20      1.09                 3.98                4.62               10.26   
   25     184.13       5.25      1.05                 3.70                4.41                9.97   
   26     159.62       6.41      0.86                 4.20                5.26               13.60   
   27     193.79       5.18      0.68                 3.62                4.72               12.97   
   28     160.57       6.09      0.67                 3.78                5.22               14.54   
   29     186.45       5.29      0.67                 3.49                4.72               13.16   
   30     160.15       6.52      0.84                 3.98                5.08               13.19   
   31     185.45       5.28      1.00                 3.79                4.41                9.96   
   32     161.36       6.25      1.09                 4.26                4.89               10.24   
   33     168.00       5.40      1.26                 3.94                4.65               10.53   
   34     158.10       6.67      1.39                 4.88                5.89               13.44   
   35     186.95       5.41      1.28                 4.21                5.54               13.72   
   36     159.35       6.52      1.48                 4.46                6.15               16.11        