W-1_RB4_6+F 59 34.6667 199.791
W-1_RB4_6+F 61 34.6667 238.316
W-1_RB4_6+F 62 34.6667 220.64
W-1_RB4_6+F 64 34.6667 255.826
W-1_RB4_6+F 73 34.6667 164.258
W-1_RB4_6+F 74 34.6667 157.965
W-1_RB4_6+F 75 34.6667 146.002
W-1_RB4_6+F 76 34.6667 139.002
W-1_RB4_6+F 77 34.6667 164.582
W-1_RB4_6+F 78 34.6667 152.316
W-1_RB4_6+F 79 34.6667 170.929
W-1_RB4_6+F 80 34.6667 183.133
W-1_RB4_6+F 82 34.6667 196.025
W-1_RB4_6+F 83 34.6667 171.112
W-1_RB4_6+F 84 34.6667 227.257
W-1_RB4_6+F 85 34.6667 208.797
W-1_RB4_6+F 86 34.6667 169.075
W-1_RB4_6+F 87 34.6667 175.124
W-1_RB4_6+F 88 34.6667 157.165
W-1_RB4_6+F 89 34.6667 176.996
W-1_RB4_6+F 90 34.6667 154.319
W-1_RB4_6+F 91 34.6667 150.148
W-1_RB4_6+F 93 34.6667 127.218
W-1_RB4_6+F 94 34.6667 99.3802
W-1_RB4_6+F 96 34.6667 107.868
W-1_RB4_6+B 50 35.2167 90.0665
W-1_RB4_6+B 57 35.2167 163.185
W-1_RB4_6+B 58 35.2167 166.658
W-1_RB4_6+B 59 35.2167 169.249
W-1_RB4_6+B 60 35.2167 168.564
W-1_RB4_6+B 61 35.2167 162.486
W-1_RB4_6+B 62 35.2167 170.932
W-1_RB4_6+B 63 35.2167 169.8
W-1_RB4_6+B 64 35.2167 169.56
W-1_RB4_6+B 68 35.2167 233.3
W-1_RB4_6+B 69 35.2167 263.281
W-1_RB4_6+B 74 35.2167 207.303
W-1_RB4_6+B 75 35.2167 200.713
W-1_RB4_6+B 76 35.2167 200.706
W-1_RB4_6+B 77 35.2167 186.323
W-1_RB4_6+B 78 35.2167 251.696
W-1_RB4_6+B 79 35.2167 246.191
W-1_RB4_6+B 80 35.2167 276.225
W-1_RB4_6+B 81 35.2167 201.251
W-1_RB4_6+B 82 35.2167 199.347
W-1_RB4_6+B 83 35.2167 198.738
W-1_RB4_6+B 84 35.2167 177.756
W-1_RB4_6+B 85 35.2167 183.291
W-1_RB4_6+B 86 35.2167 188.243
W-1_RB4_6+B 87 35.2167 200.407
W-1_RB4_6+B 88 35.2167 190.689
W-1_RB4_6+B 89 35.2167 195.749
W-1_RB4_6+B 90 35.2167 244.851
W-1_RB4_6+B 91 35.2167 288.398
W-1_RB4_6+B 92 35.2167 218.395
W-1_RB4_6+B 93 35.2167 347.708
W-1_RB4_6+B 94 35.2167 268.705
W-1_RB4_6+B 95 35.2167 254.408
W-1_RB4_6+B 96 35.2167 210.73
W+1_RB3_1F 95 28 297.97
W+1_RB4_10-F 3 39.75 3640.47
W+1_RB4_10-F 4 39.75 506.527
W+1_RB4_10-F 6 17.8167 156.126
W+1_RB4_10-F 7 36.0833 293.551
W+1_RB4_10-F 8 26.6667 210.308
W+1_RB4_10-F 26 20.5833 169.297
W+1_RB4_10-F 27 19.5333 177.831
W+1_RB4_10-F 36 39.75 1567.06
W+1_RB4_10-F 38 19.55 197.577
W+1_RB4_10-F 40 39.75 893.871
W+1_RB4_10-F 53 37.6667 267.725
W+1_RB4_10-F 58 32.1333 677.68
W+1_RB4_10-F 60 38.7167 851.471
W+1_RB4_10-F 67 39.75 1569.9
W+1_RB4_10-F 68 39.1 1328.18
W+1_RB4_10-F 69 39.75 2616.4
W+1_RB4_10-F 72 24.8333 253.281
W+1_RB1out_10F 96 42.1 130.343
W+1_RB1out_11B 2 46.9833 160.047
W+1_RB2in_4B 5 15.3333 1368.01
W+1_RB2in_4B 7 15.3333 1329.49
W+1_RB2in_4B 8 22.4167 1596.8
W+1_RB2in_4B 9 23.9333 958.604
W+1_RB2in_4B 12 21.5833 943.097
W+1_RB2in_4B 19 27.05 2376.82
W+1_RB2in_4B 27 17.2333 910.86
W+1_RB2in_4B 42 19.2333 2074.06
W+1_RB2in_4B 82 20.7667 1504.44
W+1_RB2in_4B 85 25.2333 2087.52
W+1_RB2in_4B 86 29.25 2532.54
W+1_RB2in_4B 91 19.3833 929.644
W+1_RB1in_6F 66 37.9833 3629.48
W+1_RB1in_6F 67 37.9833 1516.75
W+1_RB1in_6F 68 37.9833 1695.95
W+1_RB1in_6F 69 37.9833 1883.46
W+1_RB1in_6F 70 37.9833 2200.34
W+1_RB1in_6F 71 37.9833 2135.11
W+1_RB1in_6F 72 35.55 363.35
W+1_RB1out_7B 2 42.7167 436.176
W+1_RB4_8+F 1 44.45 324.247
W+1_RB3_8F 2 44.7667 174.868
W+2_RB4_1+F 11 23.9833 79.0148
W+2_RB4_1+F 12 18.6667 72.9837
W+2_RB4_1+F 13 26.7333 83.5208
W+2_RB4_1+F 14 27.8333 85.7518
W+2_RB4_1+F 15 28.5333 108.149
W+2_RB4_1+F 16 28.5333 115.389
W+2_RB4_1+F 17 28.5333 129.829
W+2_RB4_1+F 18 28.5333 105.222
W+2_RB4_1+F 19 28.5333 110.32
W+2_RB4_1+F 20 28.5333 110.893
W+2_RB4_1+F 21 28.5333 89.6923
W+2_RB4_1+F 22 28.5333 134.095
W+2_RB4_1+F 23 28.5333 124.35
W+2_RB4_1+F 24 28.5333 137.502
W+2_RB4_1+F 25 28.5333 169.731
W+2_RB4_1+F 26 28.5333 158.955
W+2_RB4_1+F 27 28.5333 142.901
W+2_RB4_1+F 28 28.5333 137.648
W+2_RB4_1+F 29 28.5333 134.028
W+2_RB4_1+F 30 28.5333 142.264
W+2_RB4_1+F 31 28.5333 162.164
W+2_RB4_1+F 32 28.5333 162.265
W+2_RB4_1+F 33 28.5333 157.67
W+2_RB4_1+F 34 28.5333 131.713
W+2_RB4_1+F 35 28.5333 138.968
W+2_RB4_1+F 36 28.5333 111.465
W+2_RB4_1+F 37 28.5333 112.25
W+2_RB4_1+F 38 28.5333 116.731
W+2_RB4_1+F 39 28.5333 116.818
W+2_RB4_1+F 40 28.5333 121.106
W+2_RB4_1+F 41 28.5333 170.86
W+2_RB4_1+F 42 28.5333 171.634
W+2_RB4_1+F 43 28.5333 131.04
W+2_RB4_1+F 44 28.5333 110.841
W+2_RB4_1+B 8 28.55 90.4048
W+2_RB4_1+B 9 28.9167 117.58
W+2_RB4_1+B 10 28.9167 124.381
W+2_RB4_1+B 11 28.9167 132.206
W+2_RB4_1+B 12 28.9167 137.811
W+2_RB4_1+B 13 28.9167 154.023
W+2_RB4_1+B 14 28.9167 174.828
W+2_RB4_1+B 15 28.9167 163.157
W+2_RB4_1+B 16 28.9167 198.058
W+2_RB4_1+B 17 28.9167 174.26
W+2_RB4_1+B 18 28.9167 173.569
W+2_RB4_1+B 19 28.9167 181.788
W+2_RB4_1+B 20 28.9167 164.187
W+2_RB4_1+B 21 28.9167 176.26
W+2_RB4_1+B 22 28.9167 188.31
W+2_RB4_1+B 23 28.9167 189.492
W+2_RB4_1+B 24 28.9167 177.218
W+2_RB4_1+B 25 28.9167 209.878
W+2_RB4_1+B 26 28.9167 207.372
W+2_RB4_1+B 27 28.9167 186.654
W+2_RB4_1+B 28 28.9167 185.473
W+2_RB4_1+B 29 28.9167 189.887
W+2_RB4_1+B 30 28.9167 200.7
W+2_RB4_1+B 31 28.9167 205.11
W+2_RB4_1+B 32 28.9167 212.151
W+2_RB4_1+B 33 28.9167 204.468
W+2_RB4_1+B 34 28.9167 205.519
W+2_RB4_1+B 35 28.9167 200.829
W+2_RB4_1+B 36 28.9167 194.256
W+2_RB4_1+B 37 28.9167 178.52
W+2_RB4_1+B 38 28.9167 154.905
W+2_RB4_1+B 39 28.9167 165.11
W+2_RB4_1+B 40 28.9167 164.911
W+2_RB4_1+B 41 28.9167 198.339
W+2_RB4_1+B 42 28.9167 162.795
W+2_RB4_1+B 43 28.9167 175.804
W+2_RB4_1+B 44 28.9167 147.286
W+2_RB4_1+B 45 28.9167 138.439
W+2_RB4_1+B 46 28.9167 99.457
W+2_RB4_1+B 47 26.7 83.3379
W+2_RB4_1+B 48 28.9167 164.723
W+2_RB2out_3B 11 23.8833 319.653
W+2_RB2out_3B 38 17.4333 269.731
W+2_RB2out_3B 39 49.5333 510.611
W+2_RB2out_3B 41 20 235.903
W+2_RB2out_3B 44 26.1333 327.672
W+2_RB2out_3B 55 45.7167 325.403
W+2_RB2out_3B 68 41.7167 580.435
W+2_RB2out_3B 73 41.35 733.02
W+2_RB2out_3B 74 52.8833 1126.85
W+2_RB2out_3B 75 50.0667 747.398
W+2_RB2out_3B 76 50.3667 655.831
W+2_RB2out_3B 77 52.85 951.897
W+2_RB2out_3B 78 51.6167 852.854
W+2_RB2out_3B 80 42.6833 421.297
W+2_RB2out_3B 91 47.45 551.841
W+2_RB2out_3B 94 29.6833 387.887
W+2_RB2out_3B 95 50.7667 487.858
W+2_RB2out_3B 96 48.1 462.983
W+2_RB4_12+B 96 45.5833 92.4329
W0_RB2in_4F 18 16.2333 1008.44
W0_RB2in_4F 20 28.7667 4350.39
W0_RB2in_4F 21 24.9 2119.36
W0_RB2in_4F 22 24.1167 1378.22
W0_RB2in_5F 35 24.5 788.016
W0_RB2in_5F 41 28.7 498.32
W0_RB2in_5F 48 22.0333 378.293
W0_RB1out_6B 45 23.5833 1433.07
W0_RB3_8B 2 45.3667 258.359
W+2_RB2in_5B 2 35.5167 306.323
W+2_RB3_6F 5 18.6167 525.156
W+2_RB4_7+B 1 24.8667 70.5395
W+2_RB4_7+B 9 32.6 73.8956
W+2_RB4_7+B 10 39.3333 79.1798
W+2_RB4_7+B 11 40.45 76.8434
W+2_RB4_7+B 12 36.8 75.5198
W+2_RB4_7+B 13 40.45 77.7725
W+2_RB4_7+B 14 40.45 79.4173
W+2_RB4_7+B 15 39.2667 77.5765
W+2_RB4_7+B 16 40.45 79.349
W+2_RB4_7+B 17 30.75 71.8059
W+2_RB4_7+B 20 21.5667 70.5751
W+2_RB4_7+B 21 21.9333 72.2589
W+2_RB4_7+B 25 31.6667 75.9877
W+2_RB4_7+B 27 16.0833 69.1061
W+2_RB4_7+B 28 18.3667 69.0744
W+2_RB4_7+B 30 15.9333 69.6001
W+2_RB1out_8B 47 19.3833 132.984
W+2_RB1out_8B 51 47.9167 246.823
W+2_RB1out_8B 52 46.8833 216.423
W+2_RB1out_8B 54 46.6667 179.637
W-2_RB2out_2C 47 22.8333 2164.85
W-2_RB2in_2F 53 21.9167 217.773
W-2_RB4_3+F 72 36.1333 88.0834
W-2_RB4_3+F 75 28.6667 71.5876
W-2_RB4_3+F 77 22.2833 68.5132
W-2_RB4_3+F 78 30.05 71.4241
W-2_RB4_3+F 79 36.1333 78.4406
W-2_RB4_3+F 80 32.85 74.7391
W-2_RB4_3+F 81 19.2333 71.3308
W-2_RB4_3+F 89 36.1333 136.989
W-2_RB4_3+F 90 36.1333 114.371
W-2_RB4_3+F 91 36.1333 101.713
W-2_RB4_3+F 92 36.1333 82.6986
W-2_RB4_3+B 59 29.0333 75.0487
W-2_RB4_3+B 60 36.6 78.6057
W-2_RB4_3+B 61 36.6 86.4919
W-2_RB4_3+B 62 36.6 94.7691
W-2_RB4_3+B 63 36.6 109.575
W-2_RB4_3+B 64 36.6 107.707
W-2_RB4_3+B 65 36.6 105.689
W-2_RB4_3+B 66 36.6 109.931
W-2_RB4_3+B 67 36.6 108.6
W-2_RB4_3+B 68 36.6 119.396
W-2_RB4_3+B 69 36.6 124.411
W-2_RB4_3+B 70 36.6 132.253
W-2_RB4_3+B 71 36.6 122.68
W-2_RB4_3+B 72 36.6 127.378
W-2_RB4_3+B 73 36.6 224.26
W-2_RB4_3+B 74 36.6 219.616
W-2_RB4_3+B 75 36.6 229.147
W-2_RB4_3+B 76 36.6 225.519
W-2_RB4_3+B 77 36.6 228.77
W-2_RB4_3+B 78 36.6 228.038
W-2_RB4_3+B 79 36.6 227.647
W-2_RB4_3+B 80 36.6 226.732
W-2_RB4_3+B 81 36.6 213.109
W-2_RB4_3+B 82 36.6 197.515
W-2_RB4_3+B 83 36.6 198.007
W-2_RB4_3+B 84 36.6 197.336
W-2_RB4_3+B 85 36.6 199.237
W-2_RB4_3+B 86 36.6 192.84
W-2_RB4_3+B 87 36.6 193.259
W-2_RB4_3+B 88 36.6 191.844
W-2_RB4_3+B 89 36.6 187.207
W-2_RB4_3+B 90 36.6 190.953
W-2_RB4_3+B 91 36.6 164.812
W-2_RB4_3+B 92 36.6 145.056
W-2_RB4_3+B 93 36.6 138.92
W-2_RB4_3+B 94 36.6 117.007
W-2_RB4_3+B 95 36.6 98.8715
W-2_RB4_3+B 96 36.6 167.476
W-2_RB1out_4B 5 23.4833 288.545
W-2_RB1in_5B 91 47.3833 1579.64
W-2_RB4_8+B 49 45.5 99.6802
W-1_RB4_1+B 1 29.9833 109.645
W-1_RB3_11F 35 34.0833 1957.11
W-1_RB3_11B 35 16.6333 1417.24
W-1_RB1out_11B 42 20.75 2236.59
W0_RB2out_10B 7 72.0333 1566.98
W0_RB2out_10B 8 38.1 218.79
RE-1_3_21 13 15.55 1295.53
RE-1_2_29 17 27.9167 408.463
RE-1_3_33 16 17.5167 3739.67
RE-4_2_35 40 30.75 645.875
RE-4_2_13 25 15.5167 323.509
RE-4_3_26 12 34.8333 416.071
RE+1_3_33 23 16.3167 647.792
RE+4_3_09 14 17.2167 320.043
RE+4_3_22 2 35.8833 724.006
RE+4_3_22 3 37.4333 1171.87
RE+4_3_22 4 37.8667 1645.12
RE+4_3_22 5 37.8667 1274.59
RE+4_3_22 6 38.35 1870.73
RE+4_3_22 7 24.5833 589.712
RE+4_3_22 8 38.35 1893.78
RE+4_2_26 94 40.1333 555.223
RE+4_2_08 10 36.35 629.84
