323471  -61885294387
W-2_RB4_4+F 0 0 0 0 248860 13.4304
W-2_RB4_4-F 1 23 24 0 134550 7.26137
W-2_RB3_4F 3 0 0 0 240483 12.9783
W-2_RB4_4+B 0 0 0 0 259901 15.0222
W-2_RB4_4-B 0 3 36 0 115234 6.66049
W-2_RB3_4B 0 0 0 0 26369 1.52411
W-2_RB2out_4F 0 0 0 0 95802.6 4.53405
W-2_RB2out_4C 0 0 0 0 84029.9 4.26738
W-2_RB2out_4B 8 0 0 0 71240.2 3.73549
W-2_RB2in_4F 0 0 0 0 126082 4.06065
W-2_RB1out_4F 1 0 0 0 450635 17.4724
W-2_RB1in_4F 0 0 0 0 490031 18.9999
W-2_RB2in_4B 0 0 0 0 105336 3.63337
W-2_RB1out_4B 1 6 0 1 545679 22.6598
W-2_RB1in_4B 0 0 0 0 412046 17.1106
W-2_RB4_5+F 0 96 35 0 0 0
W-2_RB3_5F 0 0 0 0 38101.1 2.05623
W-2_RB4_5+B 0 96 47 0 0 0
W-2_RB3_5B 2 0 0 0 28186.6 1.62917
W-2_RB2out_5F 0 0 0 0 162350 7.68353
W-2_RB2out_5C 0 0 0 0 165262 8.39269
W-2_RB2out_5B 1 0 0 0 101913 5.34381
W-2_RB2in_5F 0 0 0 0 163017 5.25021
W-2_RB1out_5F 1 0 0 0 327852 12.7118
W-2_RB1in_5F 0 0 0 0 503108 19.507
W-2_RB2in_5B 0 0 0 0 150717 5.19871
W-2_RB1out_5B 2 0 0 0 304896 12.6611
W-2_RB1in_5B 4 0 0 1 573445 23.8128
W-2_RB4_6+F 0 0 0 0 666971 26.9053
W-2_RB3_6F 0 0 0 0 27245.5 1.47038
W-2_RB4_6+B 0 0 0 0 667959 28.8582
W-2_RB3_6B 1 1 0 0 18089.4 1.04556
W-2_RB2out_6F 0 0 0 0 89175.9 4.22042
W-2_RB2out_6C 0 0 0 0 117878 5.98631
W-2_RB2out_6B 0 0 0 0 68341.5 3.58349
W-2_RB2in_6F 0 0 0 0 150378 4.84316
W-2_RB1out_6F 0 0 0 0 494695 19.1808
W-2_RB1in_6F 0 0 0 0 421684 16.3499
W-2_RB2in_6B 0 0 0 0 141651 4.886
W-2_RB1out_6B 0 0 0 0 373145 15.4952
W-2_RB1in_6B 0 0 0 0 407370 16.9164
W-2_RB4_7+F 0 48 48 0 232490 9.37852
W-2_RB3_7F 3 0 0 0 39379.3 2.12521
W-2_RB4_7+B 0 48 48 0 170944 7.38541
W-2_RB3_7B 0 1 1 0 33137.3 1.91532
W-2_RB2out_7F 0 0 0 0 71860.2 3.40092
W-2_RB2out_7C 1 0 0 0 75700.2 3.84437
W-2_RB2out_7B 0 0 0 0 41666.6 2.18479
W-2_RB2in_7F 0 0 7 0 97998.6 3.1562
W-2_RB1out_7F 0 1 1 0 345921 13.4124
W-2_RB1in_7F 1 0 0 0 467823 18.1389
W-2_RB2in_7B 0 0 0 0 111270 3.83807
W-2_RB1out_7B 0 0 0 0 278987 11.5851
W-2_RB1in_7B 0 0 0 0 493052 20.4744
W-2_RB4_8+F 0 35 6 0 103141 5.5663
W-2_RB3_8F 0 0 0 0 22879.9 1.23478
W-2_RB4_8+B 0 36 9 1 106711 6.16787
W-2_RB3_8B 0 0 0 0 18604 1.0753
W-2_RB2out_8F 0 0 0 0 136223 6.44701
W-2_RB2out_8C 1 0 0 0 226412 11.4982
W-2_RB2out_8B 0 0 0 0 79201 4.15291
W-2_RB2in_8F 0 0 0 0 181747 5.85345
W-2_RB1out_8F 0 0 0 0 216796 8.40581
W-2_RB1in_8F 1 0 0 0 328001 12.7176
W-2_RB2in_8B 0 0 0 0 162749 5.61375
W-2_RB1out_8B 0 0 0 0 214793 8.91945
W-2_RB1in_8B 0 0 0 0 341178 14.1677
W-2_RB4_9F 1 0 0 0 42964.8 1.73318
W-2_RB3_9F 0 0 0 0 23389.4 1.26227
W-2_RB4_9B 1 0 0 0 29725.8 1.28426
W-2_RB3_9B 1 0 0 0 13660.3 0.789557
W-2_RB2out_9F 0 0 0 0 51546.3 2.43953
W-2_RB2out_9C 0 0 0 0 57064.3 2.89796
W-2_RB2out_9B 1 0 0 0 45452.5 2.3833
W-2_RB2in_9F 0 0 0 0 186556 6.00832
W-2_RB1out_9F 0 0 0 0 376890 14.6131
W-2_RB1in_9F 1 0 0 0 376222 14.5872
W-2_RB2in_9B 0 0 0 0 152450 5.25848
W-2_RB1out_9B 1 0 0 0 294087 12.2122
W-2_RB1in_9B 0 0 0 0 327668 13.6067
