323471  -61885294387
RE-4_2_33 0 1 0 0 309824 26.113
RE-4_2_34 0 2 0 0 304990 25.7057
RE-4_2_35 0 1 0 1 375090 31.6139
RE-4_3_33 0 0 0 0 320207 16.2482
RE-4_3_34 0 0 0 0 427016 21.668
RE-4_3_35 1 1 0 0 401179 20.357
RE-4_2_36 0 2 0 0 324195 27.3243
RE-4_2_01 0 1 0 0 353081 29.7589
RE-4_2_02 0 1 0 0 372919 31.4309
RE-4_3_36 0 1 0 0 441897 22.4231
RE-4_3_01 3 1 0 0 441728 22.4145
RE-4_3_02 0 0 0 0 449812 22.8248
RE-4_2_03 0 1 0 0 338664 28.5438
RE-4_2_04 0 1 0 0 387877 32.6916
RE-4_2_05 0 2 0 0 359116 30.2675
RE-4_3_03 1 0 0 0 455928 23.1351
RE-4_3_04 0 0 0 0 439391 22.296
RE-4_3_05 0 1 0 0 405440 20.5732
RE-4_2_06 0 1 0 0 391211 32.9726
RE-4_2_07 0 0 0 0 429917 36.2349
RE-4_2_08 0 1 0 0 407432 34.3398
RE-4_3_06 0 1 0 0 427080 21.6713
RE-4_3_07 0 0 0 0 532861 27.0389
RE-4_3_08 0 0 0 0 369922 18.7709
RE-4_2_27 0 0 0 0 334903 28.2268
RE-4_2_28 0 1 0 0 397489 33.5017
RE-4_2_29 0 2 0 0 352438 29.7047
RE-4_3_27 0 0 0 0 389515 19.7651
RE-4_3_28 0 0 0 0 421739 21.4002
RE-4_3_29 0 0 0 0 369281 18.7384
RE-4_2_30 0 6 0 0 164166 13.8365
RE-4_2_31 0 2 0 0 302228 25.4728
RE-4_2_32 0 1 0 0 304182 25.6375
RE-4_3_30 0 3 0 0 299253 15.185
RE-4_3_31 0 2 0 0 230410 11.6917
RE-4_3_32 0 1 0 0 269359 13.6681
RE-3_2_33 0 1 0 0 225786 19.03
RE-3_2_34 0 0 0 0 213327 17.98
RE-3_2_35 0 0 0 0 182551 15.386
RE-3_3_33 0 0 0 0 120870 6.13331
RE-3_3_34 0 0 0 0 115928 5.88255
RE-3_3_35 0 0 0 0 137279 6.96592
RE-3_2_36 0 0 0 0 181311 15.2815
RE-3_2_01 1 0 0 0 193661 16.3225
RE-3_2_02 1 0 0 0 221937 18.7056
RE-3_3_36 0 0 0 0 138752 7.04069
RE-3_3_01 0 0 0 0 121227 6.1514
RE-3_3_02 0 0 0 0 149565 7.58938
RE-3_2_03 0 1 0 0 207823 17.516
RE-3_2_04 0 1 0 0 194280 16.3746
RE-3_2_05 0 0 0 0 200843 16.9278
RE-3_3_03 0 0 0 0 148677 7.54432
RE-3_3_04 0 1 0 0 142698 7.24089
RE-3_3_05 1 0 0 0 138016 7.00331
RE-3_2_06 0 0 0 0 214459 18.0753
RE-3_2_07 0 1 0 0 180200 15.1879
RE-3_2_08 0 0 0 0 252713 21.2995
RE-3_3_06 0 1 0 0 192299 9.75781
RE-3_3_07 0 0 0 0 94947.8 4.81793
RE-3_3_08 0 0 0 0 142106 7.21087
RE-3_2_27 0 0 0 0 178627 15.0553
RE-3_2_28 0 0 0 0 2.19545e+06 185.04
RE-3_2_29 0 1 0 0 163104 13.747
RE-3_3_27 0 0 0 0 93754.5 4.75737
RE-3_3_28 0 0 0 0 53004.3 2.68959
RE-3_3_29 0 0 0 0 87134.4 4.42145
RE-3_2_30 0 0 0 0 109555 9.23366
RE-3_2_31 0 0 0 0 229963 19.3821
RE-3_2_32 1 1 0 0 206851 17.4341
RE-3_3_30 0 1 0 0 111798 5.67294
RE-3_3_31 0 0 0 0 79967 4.05776
RE-3_3_32 0 2 0 0 69568.3 3.5301
