323471  -61885294387
RE+1_2_36 0 0 0 0 107711 9.15357
RE+1_2_01 0 2 0 0 86114.1 7.31817
RE+1_2_02 0 0 0 0 126129 10.7187
RE+1_3_36 0 0 0 0 34408.9 1.92155
RE+1_3_01 0 0 0 0 43990.1 2.45661
RE+1_3_02 0 0 0 0 66997.9 3.74147
RE+2_2_02 0 0 0 0 188378 15.8772
RE+2_2_03 0 0 0 0 187553 15.8076
RE+2_2_04 1 0 0 0 190449 16.0517
RE+2_3_02 0 0 0 0 79723.7 4.04541
RE+2_3_03 0 0 0 0 88245.4 4.47783
RE+2_3_04 0 0 0 0 90684.4 4.60159
RE+1_2_03 0 0 0 0 90327.5 7.67624
RE+1_2_04 0 1 0 0 159853 13.5847
RE+1_2_05 0 0 0 0 79851.2 6.78594
RE+1_3_03 0 0 0 0 44336.7 2.47597
RE+1_3_04 9 0 0 0 56421.3 3.15083
RE+1_3_05 0 0 0 0 59715.5 3.33479
RE+2_2_05 0 0 0 0 210448 17.7373
RE+2_2_06 0 0 0 0 209073 17.6214
RE+2_2_07 0 0 0 0 202423 17.0609
RE+2_3_05 0 0 0 0 98662.6 5.00642
RE+2_3_06 0 0 0 0 90303.3 4.58225
RE+2_3_07 0 0 0 0 98914.2 5.01919
RE+1_1_03 0 0 0 0 127561 75.2081
RE+1_1_04 0 0 0 0 203287 119.856
RE+1_2_06 8 0 0 0 134692 11.4465
RE+1_2_07 0 0 0 0 85669.7 7.28042
RE+1_2_08 0 1 0 0 98295.3 8.35337
RE+1_3_06 0 0 0 0 51781.4 2.89171
RE+1_3_07 0 0 0 0 70366.6 3.92959
RE+1_3_08 0 0 0 0 55025.7 3.07289
RE+1_1_01 0 0 0 0 280511 165.386
RE+1_1_02 1 1 0 0 163664 96.4943
RE+2_2_08 0 0 0 0 197267 16.6264
RE+2_2_09 0 0 0 0 204899 17.2696
RE+2_2_10 0 0 0 0 234834 19.7927
RE+2_3_08 2 0 0 0 86135.6 4.37077
RE+2_3_09 0 0 0 0 106676 5.41304
RE+2_3_10 0 0 0 0 104830 5.31936
RE+1_2_27 0 0 0 0 105481 8.96405
RE+1_2_28 0 0 0 0 101230 8.60277
RE+1_2_29 0 4 0 0 129734 11.0251
RE+1_3_27 0 0 0 0 25706.7 1.43558
RE+1_3_28 0 0 0 0 17510.3 0.977856
RE+1_3_29 0 4 0 0 52585.6 2.93662
RE+2_2_29 0 0 0 0 188982 15.9281
RE+2_2_30 0 0 0 0 223846 18.8666
RE+2_2_31 0 0 0 0 200260 16.8786
RE+2_3_29 0 0 0 0 50920.8 2.58387
RE+2_3_30 0 0 0 0 99147.1 5.03101
RE+2_3_31 0 0 0 0 88247.3 4.47792
RE+1_2_30 0 0 0 0 89792.9 7.63081
RE+1_2_31 0 0 0 0 100443 8.53588
RE+1_2_32 0 0 0 0 57852.4 4.91644
RE+1_3_30 0 0 0 0 20060.8 1.12029
RE+1_3_31 0 0 0 0 19693.1 1.09975
RE+1_3_32 0 0 0 0 44417.5 2.48048
RE+2_2_32 0 0 0 0 171657 14.4678
RE+2_2_33 0 0 0 0 212597 17.9184
RE+2_2_34 0 0 0 0 201248 16.9619
RE+2_3_32 0 0 0 0 84973.6 4.31181
RE+2_3_33 0 0 0 0 55254 2.80375
RE+2_3_34 0 0 0 0 84208.2 4.27297
RE+1_2_33 0 0 0 0 112389 9.55108
RE+1_2_34 2 1 0 0 143603 12.2038
RE+1_2_35 93 1 2 0 0 0
RE+1_3_33 0 0 0 1 111766 6.24155
RE+1_3_34 0 0 0 0 31895.9 1.78121
RE+1_3_35 0 0 0 0 32639.2 1.82272
RE+2_2_35 0 0 0 0 192838 16.2531
RE+2_2_36 0 0 0 0 142104 11.977
RE+2_2_01 1 1 0 0 143502 12.0948
RE+2_3_35 0 0 0 0 86452 4.38682
RE+2_3_36 0 0 0 0 73998.8 3.75491
RE+2_3_01 1 0 0 0 79882.6 4.05348
