323471  -61885294387
RE+4_2_09 0 0 0 0 551272 46.4632
RE+4_2_10 0 0 0 0 545380 45.9665
RE+4_2_11 0 0 0 0 439492 37.0419
RE+4_3_09 0 2 0 1 687549 34.8882
RE+4_3_10 0 1 0 0 678872 34.4479
RE+4_3_11 0 0 0 0 640524 32.502
RE+4_2_12 0 1 0 0 459858 38.7584
RE+4_2_13 0 0 0 0 604148 50.9197
RE+4_2_14 0 1 0 0 508963 42.8971
RE+4_3_12 0 0 0 0 548398 27.8273
RE+4_3_13 0 0 0 0 535894 27.1928
RE+4_3_14 4 0 0 0 447481 22.7065
RE+4_2_15 0 1 0 0 367737 30.9941
RE+4_2_16 0 0 0 0 389661 32.842
RE+4_2_17 0 0 0 0 291864 24.5993
RE+4_3_15 0 0 0 0 368790 18.7135
RE+4_3_16 0 0 0 0 502333 25.4898
RE+4_3_17 0 0 0 0 409403 20.7743
RE+4_2_18 0 0 0 0 350117 29.5091
RE+4_2_19 0 1 0 0 324069 27.3137
RE+4_2_20 0 0 0 0 339308 28.5981
RE+4_3_18 0 0 0 0 498473 25.294
RE+4_3_19 0 0 0 0 470007 23.8495
RE+4_3_20 1 0 0 0 473987 24.0515
RE+4_2_21 0 0 0 0 404665 34.1065
RE+4_2_22 96 0 0 0 0 0
RE+4_2_23 2 5 0 0 211458 17.8225
RE+4_3_21 0 0 0 0 479362 24.3242
RE+4_3_22 16 0 0 7 897713 45.5525
RE+4_3_23 0 0 0 0 269898 13.6954
RE+4_2_24 96 0 0 0 0 0
RE+4_2_25 0 0 0 0 407659 34.359
RE+4_2_26 93 0 0 1 48063.3 4.05095
RE+4_3_24 0 0 0 0 235629 11.9565
RE+4_3_25 0 0 0 0 232044 11.7746
RE+4_3_26 96 0 0 0 1.11633 5.66456e-05
RE+3_2_09 0 0 0 0 231739 19.5318
RE+3_2_10 0 0 0 0 259455 21.8678
RE+3_2_11 0 0 0 0 250140 21.0827
RE+3_3_09 0 0 0 0 194947 9.89219
RE+3_3_10 0 0 0 0 233099 11.8281
RE+3_3_11 0 0 0 0 218765 11.1008
RE+3_2_12 0 1 0 0 187976 15.8433
RE+3_2_13 0 0 0 0 229334 19.3291
RE+3_2_14 0 0 0 0 273288 23.0337
RE+3_3_12 0 0 0 0 222915 11.3113
RE+3_3_13 0 0 0 0 195004 9.89506
RE+3_3_14 0 0 0 0 155320 7.88138
RE+3_2_15 0 0 0 0 240250 20.2491
RE+3_2_16 0 0 0 0 269926 22.7503
RE+3_2_17 0 0 0 0 271023 22.8428
RE+3_3_15 0 0 0 0 184408 9.35738
RE+3_3_16 1 0 0 0 212377 10.7766
RE+3_3_17 0 0 0 0 200604 10.1792
RE+3_2_18 0 0 0 0 230989 19.4685
RE+3_2_19 0 0 0 0 254456 21.4465
RE+3_2_20 0 0 0 0 235889 19.8815
RE+3_3_18 0 1 0 0 127508 6.47015
RE+3_3_19 0 0 0 0 98771.1 5.01193
RE+3_3_20 0 0 0 0 140499 7.12934
RE+3_2_21 0 0 0 0 181443 15.2927
RE+3_2_22 0 3 0 0 213457 17.9909
RE+3_2_23 0 0 0 0 213291 17.9769
RE+3_3_21 0 0 0 0 81304.8 4.12564
RE+3_3_22 0 0 0 0 135725 6.8871
RE+3_3_23 0 0 0 0 126373 6.41255
RE+3_2_24 0 0 0 0 123685 10.4246
RE+3_2_25 0 0 0 0 187141 15.7729
RE+3_2_26 0 0 0 0 221363 18.6573
RE+3_3_24 0 0 0 0 68980.6 3.50028
RE+3_3_25 0 0 0 0 121141 6.14706
RE+3_3_26 0 0 0 0 122799 6.23118
