323471  -61885294387
RE-1_2_09 0 0 0 0 99104.7 8.42215
RE-1_2_10 0 0 0 0 135146 11.485
RE-1_2_11 0 0 0 0 95408.5 8.10804
RE-1_3_09 0 0 0 0 43233.7 2.41437
RE-1_3_10 10 24 0 0 30009.2 1.67585
RE-1_3_11 0 0 0 0 30730.9 1.71615
RE-2_2_11 0 0 0 0 204302 17.2193
RE-2_2_12 0 0 0 0 188671 15.9018
RE-2_2_13 0 1 0 0 205393 17.3112
RE-2_3_11 0 0 0 0 108218 5.49131
RE-2_3_12 0 0 0 0 85196.9 4.32314
RE-2_3_13 1 1 0 0 92334.1 4.6853
RE-1_2_12 1 0 0 0 135754 11.5367
RE-1_2_13 0 0 0 0 92075 7.82475
RE-1_2_14 0 0 0 0 146413 12.4425
RE-1_3_12 0 0 0 0 34485.2 1.92581
RE-1_3_13 0 0 0 0 37831 2.11266
RE-1_3_14 0 0 0 0 41431.2 2.31371
RE-2_2_14 0 1 0 0 245879 20.7235
RE-2_2_15 0 2 0 0 192311 16.2086
RE-2_2_16 0 1 0 0 224495 18.9212
RE-2_3_14 0 0 0 0 66387.1 3.36867
RE-2_3_15 0 0 0 0 81429.2 4.13195
RE-2_3_16 0 0 0 0 75660.7 3.83924
RE-1_2_15 0 0 0 0 114051 9.6923
RE-1_2_16 0 0 0 0 140318 11.9246
RE-1_2_17 0 0 0 0 95709.2 8.13359
RE-1_3_15 0 0 0 0 34997.3 1.95441
RE-1_3_16 0 0 0 0 60880.2 3.39983
RE-1_3_17 0 0 0 0 32677 1.82483
RE-2_2_17 0 0 0 0 220494 18.584
RE-2_2_18 0 0 0 0 208646 17.5854
RE-2_2_19 0 1 0 0 232654 19.6089
RE-2_3_17 0 0 0 0 118787 6.02759
RE-2_3_18 0 1 0 0 81761.9 4.14883
RE-2_3_19 0 0 0 0 103653 5.25964
RE-1_2_18 0 0 0 0 122416 10.4032
RE-1_2_19 0 0 0 0 110299 9.37349
RE-1_2_20 0 0 0 0 102357 8.69855
RE-1_3_18 0 0 0 0 43592 2.43438
RE-1_3_19 0 0 0 0 36529.2 2.03996
RE-1_3_20 0 0 0 0 61851.5 3.45407
RE-2_2_20 1 0 0 0 224362 18.91
RE-2_2_21 0 1 0 0 230749 19.4484
RE-2_2_22 0 1 0 0 236720 19.9516
RE-2_3_20 0 0 0 0 108896 5.5257
RE-2_3_21 0 0 0 0 102171 5.18443
RE-2_3_22 0 0 0 0 73637.9 3.7366
RE-1_2_21 0 0 0 0 102904 8.74504
RE-1_2_22 0 0 0 0 127575 10.8416
RE-1_2_23 0 0 0 0 87013.3 7.3946
RE-1_3_21 1 0 0 1 66968.5 3.73983
RE-1_3_22 0 0 0 0 31936.7 1.78349
RE-1_3_23 0 0 0 0 28324.9 1.58179
RE-2_2_23 1 1 0 0 202709 17.085
RE-2_2_24 0 0 0 0 232542 19.5995
RE-2_2_25 0 1 0 0 234229 19.7416
RE-2_3_23 0 1 0 0 97289.6 4.93676
RE-2_3_24 0 0 0 0 76590.3 3.88641
RE-2_3_25 0 0 0 0 71249.7 3.61542
RE-1_2_24 0 0 0 0 110435 9.385
RE-1_2_25 1 0 0 0 90291.7 7.6732
RE-1_2_26 1 0 0 0 111875 9.50744
RE-1_3_24 0 0 0 0 37480.6 2.09309
RE-1_3_25 0 0 0 0 20851.5 1.16444
RE-1_3_26 0 0 0 0 22441.5 1.25324
RE-2_2_26 0 1 0 0 239868 20.2169
RE-2_2_27 0 0 0 0 219106 18.467
RE-2_2_28 2 0 0 0 236928 19.9692
RE-2_3_26 0 0 0 0 86326.5 4.38046
RE-2_3_27 0 0 0 0 31911.6 1.61929
RE-2_3_28 0 0 0 0 56102.9 2.84683
