323471  -61885294387
W0_RB4_1+F 31 43 32 0 0 0
W0_RB3_1F 1 0 0 0 20429.7 1.10254
W0_RB4_1+B 43 14 7 0 0 0
W0_RB3_1B 0 0 0 0 11961.6 0.691372
W0_RB2in_1F 0 0 0 0 23415.6 1.10819
W0_RB2in_1C 0 1 1 0 16404.1 0.833068
W0_RB2in_1B 0 1 0 0 16333.9 0.856467
W0_RB2out_1F 0 0 0 0 31612.8 1.01814
W0_RB1out_1F 0 0 0 0 55449.4 2.14994
W0_RB1in_1F 0 0 0 0 61056.3 2.36733
W0_RB2out_1B 0 1 0 0 12221.4 0.421554
W0_RB1out_1B 0 0 0 0 50364.5 2.09143
W0_RB1in_1B 0 1 0 0 48935.8 2.0321
W0_RB4_2+F 0 0 0 0 589486 23.7796
W0_RB3_2F 0 0 0 0 39597.2 2.13697
W0_RB4_2+B 1 0 0 0 445142 19.2318
W0_RB3_2B 2 0 0 0 36692.9 2.12083
W0_RB2in_2F 0 0 0 0 27543.5 1.30355
W0_RB2in_2C 0 0 0 0 46636.9 2.36841
W0_RB2in_2B 0 2 0 0 25269.2 1.32499
W0_RB2out_2F 0 0 0 0 54793 1.76469
W0_RB1out_2F 0 0 0 0 112222 4.35119
W0_RB1in_2F 0 0 0 0 112547 4.36376
W0_RB2out_2B 0 0 0 0 58607.1 2.02155
W0_RB1out_2B 0 0 0 0 76610.2 3.1813
W0_RB1in_2B 0 1 0 0 54509.2 2.26354
W0_RB4_3+F 0 0 0 0 696588 28.1
W0_RB3_3F 6 8 0 0 17545.6 0.946895
W0_RB4_3+B 0 1 0 0 680285 29.3908
W0_RB3_3B 0 0 0 0 24633.4 1.4238
W0_RB2in_3F 1 8 0 0 33468.3 1.58395
W0_RB2in_3C 0 0 0 0 46357 2.3542
W0_RB2in_3B 8 0 0 0 42245.7 2.21516
W0_RB2out_3F 1 0 0 0 28712.8 0.92474
W0_RB1out_3F 0 0 0 0 79851.3 3.09607
W0_RB1in_3F 0 0 0 0 84923 3.29271
W0_RB2out_3B 0 0 0 0 46797.9 1.61421
W0_RB1out_3B 1 0 0 0 68752 2.85498
W0_RB1in_3B 0 0 0 0 85056 3.53202
W0_RB4_10-F 0 1 0 0 12144.6 0.391135
W0_RB4_10+F 1 13 0 0 9061.42 0.291837
W0_RB3_10F 1 0 0 0 14588.2 0.787294
W0_RB4_10-B 0 0 0 0 14147.3 0.487985
W0_RB4_10+B 0 0 0 0 12019.5 0.414591
W0_RB3_10B 0 1 0 0 10926.4 0.631542
W0_RB2in_10F 6 0 0 0 20132.8 0.952822
W0_RB2in_10C 0 0 0 0 22075.5 1.12109
W0_RB2in_10B 0 0 0 0 19269.8 1.01042
W0_RB2out_10F 6 0 0 0 41677.7 1.34229
W0_RB1out_10F 0 0 0 0 65199.8 2.52798
W0_RB1in_10F 0 0 0 0 77528.4 3.006
W0_RB2out_10B 0 0 0 2 377077 13.0066
W0_RB1out_10B 0 0 0 0 69560 2.88854
W0_RB1in_10B 0 0 0 0 68013.1 2.8243
W0_RB4_11F 0 0 0 0 11433.1 0.461206
W0_RB3_11F 1 14 0 0 9260.05 0.499744
W0_RB4_11B 0 5 4 0 9680.35 0.418226
W0_RB3_11B 0 0 0 0 10614.5 0.613511
W0_RB2in_11F 0 0 0 0 33650.7 1.59259
W0_RB2in_11C 0 0 0 0 21655.8 1.09977
W0_RB2in_11B 0 0 0 0 17191.4 0.901435
W0_RB2out_11F 0 0 0 0 41540.8 1.33789
W0_RB1out_11F 0 0 0 0 104074 4.03527
W0_RB1in_11F 0 0 0 0 114601 4.44342
W0_RB2out_11B 0 0 0 0 41888.6 1.44487
W0_RB1out_11B 0 0 0 0 84162.4 3.49491
W0_RB1in_11B 0 0 0 0 122297 5.07849
W0_RB4_12+F 0 2 0 0 192315 7.75788
W0_RB3_12F 0 1 0 0 15759.1 0.85048
W0_RB4_12+B 0 2 0 0 200761 8.6736
W0_RB3_12B 2 0 0 0 33275.1 1.92328
W0_RB2in_12F 0 1 0 0 23120.6 1.09423
W0_RB2in_12C 0 1 0 0 33102.1 1.68106
W0_RB2in_12B 0 1 0 0 19324.6 1.01329
W0_RB2out_12F 0 0 0 0 35188.2 1.13329
W0_RB1out_12F 0 0 0 0 64538.3 2.50234
W0_RB1in_12F 0 0 0 0 89327.4 3.46348
W0_RB2out_12B 0 0 0 0 33477.2 1.15474
W0_RB1out_12B 0 0 0 0 47361.7 1.96673
W0_RB1in_12B 0 0 0 0 87431.2 3.63065
