323471  -61885294387
W-1_RB4_4+F 65 0 7 0 0 0
W-1_RB4_4-F 1 0 0 0 503168 27.1548
W-1_RB3_4F 0 0 0 0 97433.9 5.25828
W-1_RB4_4+B 69 0 3 0 0 0
W-1_RB4_4-B 0 0 0 0 535277 30.9387
W-1_RB3_4B 0 0 0 0 85753 4.95648
W-1_RB2in_4F 0 0 0 0 52826.8 2.50013
W-1_RB2in_4C 0 0 0 0 23454.2 1.1911
W-1_RB2in_4B 1 0 0 0 16649 0.872993
W-1_RB2out_4F 2 17 69 0 0 0
W-1_RB1out_4F 0 0 0 0 128043 4.9646
W-1_RB1in_4F 2 0 0 0 374715 14.5288
W-1_RB2out_4B 17 7 63 0 0 0
W-1_RB1out_4B 0 0 0 0 533.503 0.0221541
W-1_RB1in_4B 1 0 0 0 212727 8.83365
W-1_RB4_5+F 11 49 84 0 0 0
W-1_RB3_5F 0 0 0 0 24541.9 1.32447
W-1_RB4_5+B 25 45 71 0 0 0
W-1_RB3_5B 1 0 0 0 24358.6 1.40792
W-1_RB2in_5F 0 1 0 0 42499.5 2.01137
W-1_RB2in_5C 0 0 0 0 26276.7 1.33444
W-1_RB2in_5B 0 0 0 0 16894.4 0.885857
W-1_RB2out_5F 0 0 0 0 57223.8 1.84298
W-1_RB1out_5F 0 0 0 0 219798 8.52222
W-1_RB1in_5F 0 0 0 0 257744 9.99347
W-1_RB2out_5B 0 0 0 0 34832.4 1.20148
W-1_RB1out_5B 0 0 0 0 148758 6.17729
W-1_RB1in_5B 0 0 0 0 150319 6.24213
W-1_RB4_6+F 0 23 0 25 2.37142e+06 95.6619
W-1_RB3_6F 0 0 0 0 12485.3 0.673802
W-1_RB4_6+B 0 14 0 34 3.31533e+06 143.234
W-1_RB3_6B 1 1 1 0 9842.36 0.568883
W-1_RB2in_6F 0 0 0 0 77479 3.66685
W-1_RB2in_6C 0 0 0 0 83438.2 4.23733
W-1_RB2in_6B 8 0 0 0 48320.3 2.53368
W-1_RB2out_6F 0 0 0 0 48100 1.54914
W-1_RB1out_6F 0 0 0 0 276845 10.7341
W-1_RB1in_6F 0 0 0 0 300095 11.6355
W-1_RB2out_6B 0 1 0 0 38317.7 1.3217
W-1_RB1out_6B 1 0 0 0 120761 5.01472
W-1_RB1in_6B 0 0 0 0 175816 7.30092
W-1_RB4_7+F 0 96 81 0 0 0
W-1_RB3_7F 0 0 0 0 13094.6 0.706687
W-1_RB4_7+B 0 96 96 0 0 0
W-1_RB3_7B 0 0 0 0 15031.8 0.868829
W-1_RB2in_7F 0 0 0 0 36258.9 1.71603
W-1_RB2in_7C 0 0 0 0 21659.8 1.09997
W-1_RB2in_7B 1 0 0 0 12742.4 0.66815
W-1_RB2out_7F 84 0 0 0 11.5276 0.000371263
W-1_RB1out_7F 0 0 0 0 245952 9.53629
W-1_RB1in_7F 0 0 0 0 235635 9.13626
W-1_RB2out_7B 84 0 0 0 3.06441 0.000105701
W-1_RB1out_7B 0 0 0 0 161838 6.72045
W-1_RB1in_7B 0 0 0 0 146226 6.07214
W-1_RB4_8+F 1 81 83 0 0 0
W-1_RB3_8F 1 0 0 0 25712.4 1.38764
W-1_RB4_8+B 0 83 83 0 0 0
W-1_RB3_8B 0 0 0 0 15500.6 0.895925
W-1_RB2in_8F 0 1 0 0 49233.8 2.33009
W-1_RB2in_8C 0 0 0 0 44445.9 2.25715
W-1_RB2in_8B 1 0 0 0 33517.5 1.7575
W-1_RB2out_8F 0 0 0 0 88053.7 2.8359
W-1_RB1out_8F 0 1 0 0 222894 8.64225
W-1_RB1in_8F 0 0 0 0 319520 12.3887
W-1_RB2out_8B 0 4 0 0 40304.2 1.39022
W-1_RB1out_8B 0 0 0 0 191977 7.972
W-1_RB1in_8B 8 1 0 0 161324 6.69912
W-1_RB4_9F 0 0 0 0 25250.8 1.01861
W-1_RB3_9F 0 10 10 0 12578.3 0.678824
W-1_RB4_9B 1 0 0 0 23188.4 1.00182
W-1_RB3_9B 1 0 0 0 15357.7 0.887669
W-1_RB2in_9F 0 0 0 0 51532.6 2.43888
W-1_RB2in_9C 1 3 0 0 37491.5 1.90397
W-1_RB2in_9B 0 0 0 0 21454 1.12494
W-1_RB2out_9F 0 0 0 0 59615.1 1.92
W-1_RB1out_9F 0 0 0 0 330345 12.8084
W-1_RB1in_9F 0 0 0 0 333360 12.9253
W-1_RB2out_9B 0 1 0 0 27892.2 0.962091
W-1_RB1out_9B 0 0 0 0 197303 8.19316
W-1_RB1in_9B 0 0 0 0 174790 7.2583
