323471  -61885294387
RE-4_2_09 0 1 0 0 417914 35.2232
RE-4_2_10 0 0 0 0 522977 44.0783
RE-4_2_11 0 1 0 0 432702 36.4696
RE-4_3_09 0 0 0 0 608895 30.8971
RE-4_3_10 0 0 0 0 656741 33.3249
RE-4_3_11 0 0 0 0 327650 16.6259
RE-4_2_12 0 0 0 0 457785 38.5837
RE-4_2_13 0 5 0 1 448094 37.767
RE-4_2_14 0 0 0 0 363270 30.6177
RE-4_3_12 0 0 0 0 547247 27.7689
RE-4_3_13 0 0 0 0 451027 22.8864
RE-4_3_14 0 0 0 0 429769 21.8077
RE-4_2_15 0 2 0 0 378644 31.9134
RE-4_2_16 0 1 0 0 398590 33.5945
RE-4_2_17 0 0 0 0 393523 33.1675
RE-4_3_15 0 1 0 0 352212 17.8723
RE-4_3_16 0 0 0 0 411891 20.9005
RE-4_3_17 0 0 0 0 471577 23.9292
RE-4_2_18 0 2 0 0 331416 27.9329
RE-4_2_19 0 2 0 0 337807 28.4716
RE-4_2_20 0 1 0 0 416461 35.1008
RE-4_3_18 0 0 0 0 406545 20.6293
RE-4_3_19 0 0 0 0 495626 25.1495
RE-4_3_20 0 2 0 0 472607 23.9815
RE-4_2_21 0 2 0 0 290198 24.4589
RE-4_2_22 0 2 0 0 171554 14.4592
RE-4_2_23 0 1 0 0 265709 22.3948
RE-4_3_21 0 0 0 0 239650 12.1605
RE-4_3_22 0 1 0 0 377811 19.1712
RE-4_3_23 0 1 0 0 285083 14.466
RE-4_2_24 0 0 0 0 305832 25.7766
RE-4_2_25 0 0 0 0 346143 29.1741
RE-4_2_26 0 1 0 0 374056 31.5267
RE-4_3_24 0 1 0 0 267619 13.5797
RE-4_3_25 0 0 0 0 220804 11.2043
RE-4_3_26 0 4 0 1 395010 20.0439
RE-3_2_09 1 1 0 0 231984 19.5524
RE-3_2_10 0 0 0 0 228536 19.2618
RE-3_2_11 0 1 0 0 206212 17.3802
RE-3_3_09 0 0 0 0 168600 8.55525
RE-3_3_10 0 0 0 0 175027 8.88139
RE-3_3_11 0 1 0 0 177276 8.99547
RE-3_2_12 0 0 0 0 223324 18.8225
RE-3_2_13 0 0 0 0 248904 20.9785
RE-3_2_14 0 0 0 0 210516 17.743
RE-3_3_12 0 0 0 0 156083 7.92009
RE-3_3_13 0 0 0 0 144964 7.35589
RE-3_3_14 0 0 0 0 135130 6.8569
RE-3_2_15 0 0 0 0 191844 16.1693
RE-3_2_16 0 0 0 0 171000 14.4125
RE-3_2_17 0 0 0 0 151786 12.793
RE-3_3_15 0 0 0 0 159563 8.09667
RE-3_3_16 0 0 0 0 154387 7.83405
RE-3_3_17 1 0 0 0 131031 6.64889
RE-3_2_18 0 0 0 0 173406 14.6152
RE-3_2_19 0 0 0 0 222089 18.7184
RE-3_2_20 2 0 0 0 150534 12.6875
RE-3_3_18 0 0 0 0 137071 6.95539
RE-3_3_19 16 0 0 0 109280 5.54519
RE-3_3_20 0 0 0 0 122043 6.1928
RE-3_2_21 0 0 0 0 221848 18.6981
RE-3_2_22 0 0 0 0 248414 20.9372
RE-3_2_23 0 0 0 0 234507 19.765
RE-3_3_21 0 0 0 0 120897 6.13467
RE-3_3_22 0 0 0 0 116458 5.90942
RE-3_3_23 1 0 0 0 86674.8 4.39813
RE-3_2_24 0 0 0 0 184825 15.5777
RE-3_2_25 0 0 0 0 178421 15.0379
RE-3_2_26 0 0 0 0 217744 18.3523
RE-3_3_24 0 0 0 0 90205.2 4.57727
RE-3_3_25 0 0 0 0 77418.5 3.92844
RE-3_3_26 0 0 0 0 104636 5.30955
