323471  -61885294387
W-1_RB4_1+F 44 0 0 0 755088 30.4599
W-1_RB3_1F 1 83 80 0 0 0
W-1_RB4_1+B 46 1 1 1 713631 30.8315
W-1_RB3_1B 0 84 80 0 0 0
W-1_RB2in_1F 0 0 0 0 42200.1 1.9972
W-1_RB2in_1C 0 1 0 0 48670.6 2.47169
W-1_RB2in_1B 0 0 0 0 18563.9 0.973401
W-1_RB2out_1F 0 0 0 0 57098.7 1.83895
W-1_RB1out_1F 0 0 0 0 199786 7.74628
W-1_RB1in_1F 1 0 0 0 271049 10.5094
W-1_RB2out_1B 0 4 0 0 45983 1.5861
W-1_RB1out_1B 0 0 0 0 130705 5.42761
W-1_RB1in_1B 0 0 0 0 140174 5.82084
W-1_RB4_2+F 1 86 89 0 0 0
W-1_RB3_2F 0 0 0 0 39046.9 2.10727
W-1_RB4_2+B 4 71 88 0 0 0
W-1_RB3_2B 0 0 0 0 48024.6 2.77579
W-1_RB2in_2F 0 0 0 0 86636.9 4.10026
W-1_RB2in_2C 0 0 0 0 83505.6 4.24076
W-1_RB2in_2B 0 1 0 0 42955.3 2.25236
W-1_RB2out_2F 1 0 0 0 45799.3 1.47504
W-1_RB1out_2F 0 0 0 0 297452 11.5331
W-1_RB1in_2F 0 0 0 0 300383 11.6467
W-1_RB2out_2B 0 1 0 0 27614.7 0.95252
W-1_RB1out_2B 0 1 0 0 332174 13.7938
W-1_RB1in_2B 1 0 0 0 239914 9.96262
W-1_RB4_3+F 0 0 0 0 599616 28.6505
W-1_RB3_3F 0 0 0 0 22343.6 1.42829
W-1_RB4_3+B 0 0 0 0 721590 37.4168
W-1_RB3_3B 1 0 0 0 20866.6 1.44754
W-1_RB2in_3F 0 0 0 0 71050.5 4.36064
W-1_RB2in_3C 0 0 0 0 107127 5.44033
W-1_RB2in_3B 0 0 0 0 37966.9 2.66712
W-1_RB2out_3F 0 0 0 0 50057.4 1.9096
W-1_RB1out_3F 1 1 0 0 278677 12.7985
W-1_RB1in_3F 1 0 0 0 261835 12.025
W-1_RB2out_3B 0 4 0 0 35863.5 1.48471
W-1_RB1out_3B 2 0 0 0 152303 7.59073
W-1_RB1in_3B 3 0 0 0 172285 8.58659
W-1_RB4_10+F 0 0 0 0 19713.6 0.634906
W-1_RB4_10-F 0 1 0 0 11750.6 0.378445
W-1_RB3_10F 0 0 0 0 15910.4 0.858646
W-1_RB4_10+B 2 0 0 0 19562.8 0.674784
W-1_RB4_10-B 4 0 0 0 13179 0.454586
W-1_RB3_10B 1 0 0 0 17192.6 0.993723
W-1_RB2in_10F 0 0 0 0 28270.6 1.33796
W-1_RB2in_10C 0 0 0 0 22558.3 1.1456
W-1_RB2in_10B 0 0 0 0 20931.1 1.09752
W-1_RB2out_10F 0 0 0 0 72694.6 2.34124
W-1_RB1out_10F 0 0 0 0 206232 7.99621
W-1_RB1in_10F 0 0 0 0 321463 12.4641
W-1_RB2out_10B 0 0 0 0 57520.2 1.98406
W-1_RB1out_10B 0 0 0 0 117098 4.8626
W-1_RB1in_10B 0 0 0 0 214597 8.91133
W-1_RB4_11F 0 0 0 0 14536.7 0.586402
W-1_RB3_11F 24 8 12 1 241225 13.0184
W-1_RB4_11B 0 0 0 0 17474.9 0.75498
W-1_RB3_11B 43 19 1 1 111368 6.43704
W-1_RB2in_11F 0 0 0 0 46018.5 2.17792
W-1_RB2in_11C 0 0 0 0 43024.1 2.18494
W-1_RB2in_11B 0 0 0 0 17807.3 0.933727
W-1_RB2out_11F 0 0 0 0 68251.6 2.19815
W-1_RB1out_11F 0 0 0 0 251060 9.73431
W-1_RB1in_11F 0 0 0 0 334271 12.9607
W-1_RB2out_11B 0 0 0 0 41442.5 1.42948
W-1_RB1out_11B 0 0 0 1 271627 11.2795
W-1_RB1in_11B 0 0 0 0 233788 9.70824
W-1_RB4_12+F 0 0 0 0 187241 7.55321
W-1_RB3_12F 2 2 40 0 8230.29 0.44417
W-1_RB4_12+B 0 0 0 0 144672 6.25036
W-1_RB3_12B 1 0 41 0 6467.21 0.373801
W-1_RB2in_12F 0 0 0 0 53857.4 2.54891
W-1_RB2in_12C 0 0 0 0 49261.2 2.50169
W-1_RB2in_12B 1 0 0 0 31634.9 1.65878
W-1_RB2out_12F 0 0 0 0 38626.8 1.24404
W-1_RB1out_12F 7 0 0 0 158440 6.14318
W-1_RB1in_12F 0 0 0 0 293196 11.3681
W-1_RB2out_12B 0 0 0 0 27305.6 0.941859
W-1_RB1out_12B 0 0 0 0 106045 4.4036
W-1_RB1in_12B 0 0 0 0 179422 7.45066
