323471  -61885294387
W+2_RB4_1+F 0 1 0 34 2.3875e+06 96.3107
W+2_RB3_1F 1 0 0 0 71507.3 3.85909
W+2_RB4_1+B 0 0 0 41 3.40777e+06 147.228
W+2_RB3_1B 0 0 0 0 326742 18.8855
W+2_RB2out_1F 0 1 0 0 75676.2 3.58153
W+2_RB2out_1C 14 0 0 0 48675.9 2.47196
W+2_RB2out_1B 0 1 0 0 69752.8 3.6575
W+2_RB2in_1F 0 0 0 0 86735.9 2.79346
W+2_RB1out_1F 0 0 0 0 216206 8.38292
W+2_RB1in_1F 0 2 0 0 726453 28.1667
W+2_RB2in_1B 0 0 0 0 89860.6 3.09958
W+2_RB1out_1B 0 1 0 0 188999 7.84832
W+2_RB1in_1B 0 1 0 0 707675 29.3868
W+2_RB4_2+F 0 0 0 0 993764 40.0879
W+2_RB3_2F 0 0 0 0 39161.3 2.11345
W+2_RB4_2+B 0 0 0 0 995189 42.9958
W+2_RB3_2B 0 0 0 0 31577.5 1.82516
W+2_RB2out_2F 0 0 0 0 94626.5 4.47838
W+2_RB2out_2C 0 0 0 0 112137 5.69476
W+2_RB2out_2B 0 0 0 0 101445 5.31925
W+2_RB2in_2F 0 0 0 0 139620 4.49668
W+2_RB1out_2F 0 0 0 0 397537 15.4137
W+2_RB1in_2F 0 0 0 0 516617 20.0307
W+2_RB2in_2B 0 1 0 0 95484.2 3.29356
W+2_RB1out_2B 0 0 0 0 183589 7.62368
W+2_RB1in_2B 0 0 0 0 604519 25.1032
W+2_RB4_3+F 0 0 0 0 954495 38.5039
W+2_RB3_3F 0 0 0 0 39662.6 2.1405
W+2_RB4_3+B 0 0 0 0 853438 36.8716
W+2_RB3_3B 0 0 0 0 24977.4 1.44368
W+2_RB2out_3F 0 0 0 0 210880 9.98033
W+2_RB2out_3C 0 0 0 0 211096 10.7203
W+2_RB2out_3B 0 12 0 18 1.28497e+06 67.3774
W+2_RB2in_3F 0 0 0 0 152032 4.89641
W+2_RB1out_3F 0 0 0 0 381865 14.806
W+2_RB1in_3F 0 1 0 0 630681 24.4534
W+2_RB2in_3B 0 0 0 0 86833 2.99515
W+2_RB1out_3B 0 1 0 0 393694 16.3485
W+2_RB1in_3B 0 0 0 0 411908 17.1048
W+2_RB4_10-F 0 0 0 0 10231.9 0.329534
W+2_RB4_10+F 0 0 0 0 28493.3 0.917672
W+2_RB3_10F 0 0 0 0 19289.7 1.04102
W+2_RB4_10-B 3 0 0 0 6694.95 0.23093
W+2_RB4_10+B 0 0 0 0 19333 0.666858
W+2_RB3_10B 0 0 0 0 16456.2 0.951158
W+2_RB2out_10F 6 0 0 0 71686.8 3.39272
W+2_RB2out_10C 0 0 0 0 80758.6 4.10125
W+2_RB2out_10B 0 0 0 0 56438.2 2.95934
W+2_RB2in_10F 0 1 0 0 155351 5.00333
W+2_RB1out_10F 0 0 0 0 309398 11.9963
W+2_RB1in_10F 0 0 0 0 652355 25.2937
W+2_RB2in_10B 1 1 0 0 122101 4.21167
W+2_RB1out_10B 0 0 0 0 295378 12.2658
W+2_RB1in_10B 0 0 0 0 548304 22.7688
W+2_RB4_11F 1 4 0 0 27496.9 1.10921
W+2_RB3_11F 0 0 42 0 15518.6 0.837505
W+2_RB4_11B 2 0 0 0 18305.7 0.790872
W+2_RB3_11B 23 1 20 0 5052.8 0.292049
W+2_RB2out_11F 0 0 0 0 87014.3 4.11812
W+2_RB2out_11C 0 0 0 0 92388 4.69184
W+2_RB2out_11B 0 0 0 0 58252.8 3.05449
W+2_RB2in_11F 0 0 0 0 102566 3.30329
W+2_RB1out_11F 1 1 0 0 161592 6.26538
W+2_RB1in_11F 0 0 0 0 680652 26.3909
W+2_RB2in_11B 0 1 0 0 76184.7 2.62786
W+2_RB1out_11B 0 0 0 0 172256 7.15306
W+2_RB1in_11B 0 0 0 0 607893 25.2432
W+2_RB4_12+F 0 4 0 0 307692 12.4122
W+2_RB3_12F 0 30 28 0 9389.27 0.506718
W+2_RB4_12+B 0 1 0 1 405602 17.5235
W+2_RB3_12B 0 23 21 0 7190.19 0.415589
W+2_RB2out_12F 0 0 0 0 82442.7 3.90176
W+2_RB2out_12C 1 1 0 0 94348.5 4.7914
W+2_RB2out_12B 0 1 0 0 67635.9 3.54649
W+2_RB2in_12F 0 1 0 0 84406.6 2.71844
W+2_RB1out_12F 0 0 0 0 4265.75 0.165395
W+2_RB1in_12F 0 0 0 0 450913 17.4832
W+2_RB2in_12B 0 1 0 0 78996.7 2.72485
W+2_RB1out_12B 0 0 0 0 209209 8.68759
W+2_RB1in_12B 5 1 1 0 6150.18 0.255391
