323471  -61885294387
W+1_RB4_1+F 3 0 0 0 486971 19.6442
W+1_RB3_1F 1 0 0 1 139764 7.54277
W+1_RB4_1+B 1 0 0 0 661267 28.5692
W+1_RB3_1B 0 0 0 0 16335.8 0.944201
W+1_RB2in_1F 0 0 0 0 335392 15.8731
W+1_RB2in_1C 0 0 0 0 656583 33.344
W+1_RB2in_1B 0 0 0 0 22602.8 1.18518
W+1_RB2out_1F 0 0 0 0 54720.2 1.76235
W+1_RB1out_1F 2 0 0 0 180260 6.98921
W+1_RB1in_1F 0 1 0 0 171733 6.6586
W+1_RB2out_1B 2 0 0 0 34849.2 1.20206
W+1_RB1out_1B 3 12 11 0 123847 5.14285
W+1_RB1in_1B 1 16 0 0 102800 4.26885
W+1_RB4_2+F 0 0 0 0 597624 24.1079
W+1_RB3_2F 0 0 0 0 37090.8 2.0017
W+1_RB4_2+B 0 0 0 0 644676 27.8523
W+1_RB3_2B 0 0 0 0 51125.5 2.95503
W+1_RB2in_2F 1 0 0 0 54947.7 2.60051
W+1_RB2in_2C 0 0 0 0 44750.6 2.27262
W+1_RB2in_2B 0 4 0 0 27727.4 1.45389
W+1_RB2out_2F 0 0 0 0 74516.2 2.39991
W+1_RB1out_2F 0 0 0 0 260747 10.1099
W+1_RB1in_2F 0 0 0 0 411776 15.9657
W+1_RB2out_2B 2 0 0 0 85438 2.94703
W+1_RB1out_2B 1 0 0 0 137962 5.72899
W+1_RB1in_2B 0 0 0 0 235831 9.79308
W+1_RB4_3+F 1 0 0 0 1.05602e+06 42.5991
W+1_RB3_3F 0 0 0 0 28697.6 1.54874
W+1_RB4_3+B 1 1 0 0 1.00998e+06 43.6347
W+1_RB3_3B 0 0 0 0 28073.5 1.62264
W+1_RB2in_3F 0 0 0 0 84535.7 4.00082
W+1_RB2in_3C 0 1 0 0 103101 5.23591
W+1_RB2in_3B 0 0 0 0 67772.2 3.55364
W+1_RB2out_3F 0 0 0 0 76136.5 2.45209
W+1_RB1out_3F 0 0 0 0 105837 4.1036
W+1_RB1in_3F 0 0 0 0 263760 10.2267
W+1_RB2out_3B 0 0 0 0 28594.2 0.986305
W+1_RB1out_3B 0 0 0 0 52708.7 2.18877
W+1_RB1in_3B 2 0 0 0 132581 5.50555
W+1_RB4_10-F 0 5 0 17 4.00414e+06 128.959
W+1_RB4_10+F 0 1 0 0 9217.67 0.296869
W+1_RB3_10F 0 0 0 0 14347.5 0.774302
W+1_RB4_10-B 0 2 0 0 18568.1 0.640473
W+1_RB4_10+B 0 0 0 0 7965.29 0.274748
W+1_RB3_10B 1 0 0 0 13339.4 0.771013
W+1_RB2in_10F 0 0 0 0 42306.8 2.00225
W+1_RB2in_10C 0 0 0 0 33986.4 1.72597
W+1_RB2in_10B 0 0 0 0 26322.9 1.38024
W+1_RB2out_10F 0 0 0 0 62578.3 2.01543
W+1_RB1out_10F 0 0 0 1 320856 12.4405
W+1_RB1in_10F 0 0 0 0 194892 7.55654
W+1_RB2out_10B 0 0 0 0 47834.4 1.64996
W+1_RB1out_10B 0 0 0 0 176890 7.3455
W+1_RB1in_10B 0 0 0 0 124926 5.18767
W+1_RB4_11F 0 0 0 0 18028.1 0.727244
W+1_RB3_11F 1 1 0 0 18737 1.01119
W+1_RB4_11B 0 0 0 0 13846.4 0.598214
W+1_RB3_11B 0 0 0 0 14716.3 0.850596
W+1_RB2in_11F 0 0 0 0 38181.4 1.80701
W+1_RB2in_11C 0 1 0 0 29106.3 1.47814
W+1_RB2in_11B 0 0 0 0 16697.3 0.875526
W+1_RB2out_11F 0 0 0 0 66936.1 2.15578
W+1_RB1out_11F 0 0 0 0 280036 10.8578
W+1_RB1in_11F 0 0 0 0 357449 13.8593
W+1_RB2out_11B 0 1 0 0 48992.2 1.6899
W+1_RB1out_11B 12 0 0 1 199303 8.27622
W+1_RB1in_11B 0 0 0 0 237907 9.87929
W+1_RB4_12+F 0 0 0 0 254633 10.2718
W+1_RB3_12F 0 0 0 0 24618.4 1.3286
W+1_RB4_12+B 1 0 0 0 208074 8.98953
W+1_RB3_12B 1 0 0 0 18484.4 1.06839
W+1_RB2in_12F 0 0 0 0 120753 5.71489
W+1_RB2in_12C 0 0 0 0 122785 6.23552
W+1_RB2in_12B 0 0 0 0 131687 6.90499
W+1_RB2out_12F 0 0 0 0 140699 4.53144
W+1_RB1out_12F 0 0 0 0 202208 7.8402
W+1_RB1in_12F 0 0 0 0 307292 11.9146
W+1_RB2out_12B 0 0 0 0 157571 5.43512
W+1_RB1out_12B 0 0 0 0 106117 4.40659
W+1_RB1in_12B 3 13 0 0 151709 6.29983
