323471  -61885294387
W+2_RB4_4-F 0 0 0 0 333992 18.0248
W+2_RB4_4+F 0 0 0 0 328116 17.7077
W+2_RB3_4F 0 0 0 0 41855.5 2.25884
W+2_RB4_4-B 0 0 0 0 289656 16.742
W+2_RB4_4+B 0 0 0 0 255145 14.7473
W+2_RB3_4B 0 0 0 0 21129.1 1.22125
W+2_RB2out_4F 0 0 0 0 70129.3 3.31901
W+2_RB2out_4C 0 0 0 0 69282 3.51842
W+2_RB2out_4B 0 0 0 0 52763.6 2.76667
W+2_RB2in_4F 0 0 0 0 132838 4.27827
W+2_RB1out_4F 1 0 0 0 346875 13.4493
W+2_RB1in_4F 0 0 0 0 475253 18.4269
W+2_RB2in_4B 0 0 0 0 107159 3.69628
W+2_RB1out_4B 0 0 0 0 385584 16.0117
W+2_RB1in_4B 0 0 0 0 444216 18.4464
W+2_RB4_5+F 0 0 0 0 1.25247e+06 50.5239
W+2_RB3_5F 0 0 0 0 43333.7 2.33862
W+2_RB4_5+B 0 1 0 0 1.16516e+06 50.3392
W+2_RB3_5B 0 0 0 0 30202.7 1.7457
W+2_RB2out_5F 0 1 0 0 129374 6.12287
W+2_RB2out_5C 0 0 0 0 116624 5.92266
W+2_RB2out_5B 1 0 0 0 80929.5 4.24355
W+2_RB2in_5F 0 0 0 0 140103 4.51223
W+2_RB1out_5F 0 0 0 0 522392 20.2547
W+2_RB1in_5F 0 0 0 0 487899 18.9173
W+2_RB2in_5B 0 0 0 1 176279 6.08044
W+2_RB1out_5B 4 0 0 0 412419 17.126
W+2_RB1in_5B 0 0 0 0 511143 21.2256
W+2_RB4_6+F 0 0 0 0 806410 32.5302
W+2_RB3_6F 0 0 0 1 90815.6 4.90111
W+2_RB4_6+B 0 0 0 0 914031 39.4895
W+2_RB3_6B 0 0 0 0 39182.2 2.26471
W+2_RB2out_6F 8 0 0 0 84537 4.00088
W+2_RB2out_6C 0 0 0 0 104397 5.3017
W+2_RB2out_6B 0 0 0 0 107543 5.63901
W+2_RB2in_6F 0 0 0 0 120163 3.87003
W+2_RB1out_6F 0 0 0 0 369314 14.3194
W+2_RB1in_6F 0 0 0 0 428206 16.6028
W+2_RB2in_6B 0 0 0 0 124830 4.30579
W+2_RB1out_6B 1 0 0 0 329082 13.6654
W+2_RB1in_6B 0 0 0 0 516650 21.4543
W+2_RB4_7+F 0 0 0 0 1.31208e+06 52.9286
W+2_RB3_7F 0 0 0 0 27846.8 1.50283
W+2_RB4_7+B 1 0 0 16 1.74553e+06 75.413
W+2_RB3_7B 0 0 0 0 27639.6 1.59756
W+2_RB2out_7F 0 0 0 0 74773.3 3.53879
W+2_RB2out_7C 0 0 0 0 95357 4.84262
W+2_RB2out_7B 0 1 0 0 40488.7 2.12303
W+2_RB2in_7F 0 0 0 0 138871 4.47254
W+2_RB1out_7F 0 0 0 0 402447 15.6041
W+2_RB1in_7F 0 0 0 0 610764 23.6811
W+2_RB2in_7B 0 0 0 0 107485 3.70751
W+2_RB1out_7B 0 0 0 0 433398 17.9972
W+2_RB1in_7B 0 0 0 0 552370 22.9376
W+2_RB4_8+F 0 36 36 0 305424 16.483
W+2_RB3_8F 0 0 0 0 40103.2 2.16428
W+2_RB4_8+B 0 36 35 0 356467 20.6036
W+2_RB3_8B 0 0 0 0 44777.4 2.58811
W+2_RB2out_8F 0 0 0 0 25504.5 1.20705
W+2_RB2out_8C 0 0 0 0 31965.4 1.62333
W+2_RB2out_8B 0 0 0 0 32033.6 1.67968
W+2_RB2in_8F 0 0 0 0 97334.8 3.13482
W+2_RB1out_8F 0 0 0 0 456809 17.7118
W+2_RB1in_8F 0 0 0 0 762842 29.5776
W+2_RB2in_8B 0 0 0 0 69291 2.39007
W+2_RB1out_8B 0 10 0 4 763879 31.7207
W+2_RB1in_8B 0 0 0 0 766134 31.8144
W+2_RB4_9F 0 1 0 0 40417.7 1.63043
W+2_RB3_9F 0 0 0 0 23629.9 1.27525
W+2_RB4_9B 0 0 0 0 21134.4 0.913084
W+2_RB3_9B 0 0 0 0 23467.6 1.35641
W+2_RB2out_9F 0 0 0 0 86192.2 4.07922
W+2_RB2out_9C 0 0 0 0 98166.3 4.98529
W+2_RB2out_9B 0 0 0 0 56888.4 2.98295
W+2_RB2in_9F 0 0 0 0 222708 7.17265
W+2_RB1out_9F 0 0 0 0 546172 21.1767
W+2_RB1in_9F 0 0 0 0 833604 32.3213
W+2_RB2in_9B 0 0 0 0 126105 4.34978
W+2_RB1out_9B 1 0 0 0 418657 17.3851
W+2_RB1in_9B 0 0 0 0 469292 19.4877
