323471  -61885294387
W+1_RB4_4-F 15 44 29 0 0 0
W+1_RB4_4+F 59 8 6 0 0 0
W+1_RB3_4F 0 0 0 0 16928.4 1.08213
W+1_RB4_4-B 18 45 22 0 0 0
W+1_RB4_4+B 64 4 5 0 0 0
W+1_RB3_4B 1 1 0 0 16619.2 1.15289
W+1_RB2in_4F 0 0 0 0 62892.7 3.85997
W+1_RB2in_4C 0 0 0 0 90022.4 4.57171
W+1_RB2in_4B 2 43 0 12 1.19902e+06 84.229
W+1_RB2out_4F 0 1 0 0 37772.9 1.44096
W+1_RB1out_4F 1 0 0 0 221313 10.164
W+1_RB1in_4F 1 0 0 0 252742 11.6074
W+1_RB2out_4B 1 1 0 0 28355.6 1.17389
W+1_RB1out_4B 3 0 0 0 108277 5.39647
W+1_RB1in_4B 0 1 0 0 247336 12.3271
W+1_RB4_5+F 1 0 0 0 1.07301e+06 43.2848
W+1_RB3_5F 0 0 0 0 23639.2 1.27575
W+1_RB4_5+B 0 0 0 0 963174 41.6126
W+1_RB3_5B 1 0 0 0 19696.3 1.13843
W+1_RB2in_5F 1 0 0 0 65172.1 3.0844
W+1_RB2in_5C 0 0 0 0 79337.3 4.02908
W+1_RB2in_5B 0 0 0 0 45562.9 2.3891
W+1_RB2out_5F 0 0 0 0 55031.6 1.77238
W+1_RB1out_5F 1 0 0 0 158667 6.15199
W+1_RB1in_5F 0 0 0 0 401510 15.5677
W+1_RB2out_5B 0 0 0 0 43542.4 1.50192
W+1_RB1out_5B 0 0 0 0 170403 7.07611
W+1_RB1in_5B 0 0 0 0 270272 11.2233
W+1_RB4_6+F 0 0 0 0 851907 34.3655
W+1_RB3_6F 0 0 0 0 41438 2.23631
W+1_RB4_6+B 0 0 0 0 949569 41.0248
W+1_RB3_6B 0 0 0 0 27532.7 1.59137
W+1_RB2in_6F 0 0 0 0 101529 4.80508
W+1_RB2in_6C 0 0 0 0 119149 6.05088
W+1_RB2in_6B 1 0 0 0 44294.4 2.32258
W+1_RB2out_6F 0 0 0 0 59933.2 1.93024
W+1_RB1out_6F 0 0 0 0 274499 10.6431
W+1_RB1in_6F 0 0 0 7 2.54498e+06 98.6763
W+1_RB2out_6B 0 0 0 0 33142.9 1.1432
W+1_RB1out_6B 0 0 0 0 187869 7.80141
W+1_RB1in_6B 0 0 0 0 145988 6.06226
W+1_RB4_7+F 0 0 0 0 766187 30.9076
W+1_RB3_7F 2 0 0 0 29060.5 1.56833
W+1_RB4_7+B 1 0 0 0 690007 29.8108
W+1_RB3_7B 0 0 0 0 30720.8 1.77564
W+1_RB2in_7F 0 0 0 0 40078.2 1.89678
W+1_RB2in_7C 0 0 0 0 35827.3 1.81946
W+1_RB2in_7B 0 0 0 0 21151.5 1.10908
W+1_RB2out_7F 0 0 0 0 42934.6 1.38277
W+1_RB1out_7F 0 1 0 0 164492 6.37783
W+1_RB1in_7F 1 0 0 0 286577 11.1114
W+1_RB2out_7B 0 0 0 0 24415.5 0.842168
W+1_RB1out_7B 0 0 0 1 223524 9.28202
W+1_RB1in_7B 0 0 0 0 149215 6.19626
W+1_RB4_8+F 1 0 0 1 618830 33.3968
W+1_RB3_8F 1 0 0 1 90474.8 4.88272
W+1_RB4_8+B 0 0 0 0 741298 42.8466
W+1_RB3_8B 1 0 0 0 36549 2.11251
W+1_RB2in_8F 0 0 0 0 47395.3 2.24307
W+1_RB2in_8C 0 0 0 0 41494.4 2.10725
W+1_RB2in_8B 1 0 0 0 26987.7 1.4151
W+1_RB2out_8F 0 1 0 0 76268.5 2.45634
W+1_RB1out_8F 1 0 0 0 295525 11.4584
W+1_RB1in_8F 0 0 0 0 262823 10.1904
W+1_RB2out_8B 0 0 0 0 59984.2 2.06905
W+1_RB1out_8B 0 0 0 0 162389 6.74336
W+1_RB1in_8B 2 0 0 0 283200 11.7601
W+1_RB4_9F 0 0 0 0 44348.5 1.789
W+1_RB3_9F 1 13 0 0 11810.8 0.637402
W+1_RB4_9B 0 0 0 0 52323.8 2.26058
W+1_RB3_9B 7 0 0 0 12434.7 0.718717
W+1_RB2in_9F 0 0 0 0 16160.8 0.764844
W+1_RB2in_9C 0 0 0 0 13597.9 0.690556
W+1_RB2in_9B 0 0 0 0 11965.2 0.627398
W+1_RB2out_9F 0 0 0 0 57916.9 1.8653
W+1_RB1out_9F 2 0 0 0 290698 11.2712
W+1_RB1in_9F 0 0 0 0 364319 14.1257
W+1_RB2out_9B 0 0 0 0 31587.7 1.08956
W+1_RB1out_9B 1 0 0 0 197794 8.21356
W+1_RB1in_9B 1 0 0 0 224094 9.30569
