323471  -61885294387
RE+4_2_33 0 0 0 0 254632 21.4613
RE+4_2_34 0 1 0 0 333091 28.0741
RE+4_2_35 0 2 0 0 386203 32.5505
RE+4_3_33 0 0 0 0 285100 14.4668
RE+4_3_34 0 0 0 0 373637 18.9594
RE+4_3_35 0 1 0 0 372381 18.8957
RE+4_2_36 0 1 0 0 306439 25.8277
RE+4_2_01 0 1 0 0 389062 32.7915
RE+4_2_02 0 1 0 0 421357 35.5135
RE+4_3_36 0 0 0 0 409450 20.7767
RE+4_3_01 0 0 0 0 452414 22.9568
RE+4_3_02 0 9 0 0 406793 20.6418
RE+4_2_03 0 0 0 0 306435 25.8274
RE+4_2_04 0 2 0 0 379116 31.9532
RE+4_2_05 0 1 0 0 301787 25.4357
RE+4_3_03 0 1 0 0 417944 21.2077
RE+4_3_04 0 1 0 0 467498 23.7222
RE+4_3_05 0 1 0 0 445378 22.5998
RE+4_2_06 0 1 0 0 290182 24.4576
RE+4_2_07 0 2 0 0 318653 26.8572
RE+4_2_08 0 1 0 1 583081 49.1441
RE+4_3_06 0 0 0 0 502512 25.4989
RE+4_3_07 0 0 0 0 562972 28.5668
RE+4_3_08 0 0 0 0 600742 30.4834
RE+4_2_27 0 0 0 0 413100 34.8175
RE+4_2_28 0 2 0 0 336878 28.3933
RE+4_2_29 0 0 0 0 400857 33.7856
RE+4_3_27 0 0 0 0 346088 17.5615
RE+4_3_28 0 0 0 0 362831 18.4111
RE+4_3_29 0 0 0 0 368208 18.6839
RE+4_2_30 0 0 0 0 403180 33.9815
RE+4_2_31 0 0 0 0 351405 29.6177
RE+4_2_32 0 0 0 0 193642 16.3208
RE+4_3_30 0 0 0 0 357241 18.1275
RE+4_3_31 0 0 0 0 218163 11.0702
RE+4_3_32 0 0 0 0 213085 10.8126
RE+3_2_03 0 0 0 0 234500 19.7644
RE+3_2_04 0 0 0 0 141680 11.9413
RE+3_2_05 0 0 0 0 130201 10.9738
RE+3_3_03 0 0 0 0 187534 9.51604
RE+3_3_04 0 0 0 0 193431 9.81524
RE+3_3_05 0 8 0 0 171864 8.72089
RE+3_2_06 0 0 0 0 225098 18.972
RE+3_2_07 0 0 0 0 194443 16.3884
RE+3_2_08 0 1 0 0 217290 18.314
RE+3_3_06 0 1 0 0 140755 7.14234
RE+3_3_07 0 0 0 0 205292 10.4171
RE+3_3_08 0 0 0 0 201888 10.2444
RE+3_2_33 0 0 0 0 214560 18.0839
RE+3_2_34 0 0 0 0 238088 20.0669
RE+3_2_35 0 0 0 0 204289 17.2182
RE+3_3_33 0 0 0 0 75130.4 3.81234
RE+3_3_34 0 0 0 0 128354 6.51307
RE+3_3_35 0 0 0 0 167861 8.51776
RE+3_2_36 0 0 0 0 214113 18.0462
RE+3_2_01 0 0 0 0 197984 16.6868
RE+3_2_02 0 0 0 0 222195 18.7274
RE+3_3_36 0 0 0 0 86845 4.40677
RE+3_3_01 0 0 0 0 161000 8.16962
RE+3_3_02 0 0 0 0 179861 9.12666
RE+3_2_27 0 0 0 0 190848 16.0853
RE+3_2_28 0 0 0 0 237801 20.0427
RE+3_2_29 0 0 0 0 241850 20.384
RE+3_3_27 0 0 0 0 103511 5.25244
RE+3_3_28 0 0 0 0 114356 5.80277
RE+3_3_29 1 0 0 0 60990.1 3.09482
RE+3_2_30 0 0 0 0 168293 14.1843
RE+3_2_31 0 0 0 0 200920 16.9342
RE+3_2_32 0 0 0 0 215207 18.1384
RE+3_3_30 0 0 0 0 111103 5.63766
RE+3_3_31 0 0 0 0 65885 3.3432
RE+3_3_32 0 0 0 0 99857.9 5.06708
