323471  -61885294387
W0_RB4_4+F 1 0 0 0 598615 32.3059
W0_RB4_4-F 0 0 0 0 465645 25.1298
W0_RB3_4F 4 12 35 0 10951.5 0.591027
W0_RB4_4+B 0 0 0 0 663749 38.3644
W0_RB4_4-B 0 0 0 0 470171 27.1756
W0_RB3_4B 0 2 40 0 12596.8 0.72809
W0_RB2in_4F 0 0 0 4 480931 22.761
W0_RB2in_4C 0 0 0 0 24151.2 1.2265
W0_RB2in_4B 0 0 0 0 25521.6 1.33823
W0_RB2out_4F 0 0 0 0 26041.8 0.838717
W0_RB1out_4F 0 1 0 0 83113.3 3.22255
W0_RB1in_4F 0 0 0 0 69014.5 2.67589
W0_RB2out_4B 3 0 0 0 21813.2 0.752408
W0_RB1out_4B 1 1 0 0 77911.6 3.23535
W0_RB1in_4B 0 0 0 0 61066.3 2.53583
W0_RB4_5+F 0 0 0 0 677144 27.3156
W0_RB3_5F 0 0 0 0 18507.8 0.998826
W0_RB4_5+B 3 0 0 0 796604 34.4162
W0_RB3_5B 0 0 0 0 16821 0.972247
W0_RB2in_5F 0 43 1 3 170525 8.07042
W0_RB2in_5C 0 0 0 0 21070.5 1.07005
W0_RB2in_5B 0 0 0 0 13707.9 0.718777
W0_RB2out_5F 0 0 0 0 31730.6 1.02193
W0_RB1out_5F 1 0 0 0 77983 3.02363
W0_RB1in_5F 0 0 0 0 235570 9.13372
W0_RB2out_5B 0 0 0 0 37737 1.30167
W0_RB1out_5B 1 0 0 0 117491 4.87892
W0_RB1in_5B 1 0 0 0 82769.3 3.43706
W0_RB4_6+F 0 0 0 0 422015 17.0239
W0_RB3_6F 1 0 0 0 11683.2 0.630515
W0_RB4_6+B 0 0 0 0 452772 19.5614
W0_RB3_6B 1 0 0 0 13215.8 0.763865
W0_RB2in_6F 2 0 0 0 33788.1 1.59909
W0_RB2in_6C 0 0 0 0 34175.3 1.73556
W0_RB2in_6B 0 0 0 0 29185.4 1.53034
W0_RB2out_6F 1 0 0 0 50447.4 1.62474
W0_RB1out_6F 1 0 0 0 80409.6 3.11771
W0_RB1in_6F 1 0 0 0 118062 4.57759
W0_RB2out_6B 2 0 0 0 45241.8 1.56053
W0_RB1out_6B 1 0 0 1 186413 7.74094
W0_RB1in_6B 0 0 0 0 86977.2 3.6118
W0_RB4_7+F 0 89 96 0 0 0
W0_RB3_7F 0 0 0 0 19242.2 1.03846
W0_RB4_7+B 0 91 96 0 0 0
W0_RB3_7B 0 0 0 0 14098.9 0.814909
W0_RB2in_7F 0 0 0 0 19785.7 0.936398
W0_RB2in_7C 0 0 0 0 16294 0.827475
W0_RB2in_7B 0 0 0 0 19272.8 1.01057
W0_RB2out_7F 1 1 0 0 31261.1 1.00681
W0_RB1out_7F 0 1 0 0 84284.6 3.26796
W0_RB1in_7F 0 0 0 0 61937.1 2.40148
W0_RB2out_7B 3 0 0 0 49547.3 1.70905
W0_RB1out_7B 0 0 0 0 74452.2 3.09169
W0_RB1in_7B 0 0 0 0 63627.2 2.64217
W0_RB4_8+F 0 0 0 0 174788 9.4329
W0_RB3_8F 7 1 1 0 15678.8 0.84615
W0_RB4_8+B 0 5 0 0 156887 9.06796
W0_RB3_8B 0 0 0 1 127652 7.37823
W0_RB2in_8F 0 0 0 0 41796.6 1.97811
W0_RB2in_8C 0 0 0 0 57196.8 2.90469
W0_RB2in_8B 0 0 0 0 29327.2 1.53777
W0_RB2out_8F 1 1 0 0 121434 3.91096
W0_RB1out_8F 0 0 0 0 84567.9 3.27894
W0_RB1in_8F 0 0 0 0 50982.9 1.97675
W0_RB2out_8B 0 0 0 0 30682.8 1.05835
W0_RB1out_8B 0 0 0 0 57838.8 2.4018
W0_RB1in_8B 0 0 0 0 43648.3 1.81253
W0_RB4_9F 0 0 0 0 14630.4 0.590182
W0_RB3_9F 0 0 0 0 16056.3 0.866519
W0_RB4_9B 3 0 0 0 17432.6 0.753152
W0_RB3_9B 0 0 0 0 20276.9 1.17199
W0_RB2in_9F 0 1 0 0 28553.2 1.35134
W0_RB2in_9C 0 0 0 0 25035.4 1.2714
W0_RB2in_9B 0 0 0 0 22058.4 1.15663
W0_RB2out_9F 0 1 1 0 28465.6 0.916779
W0_RB1out_9F 8 0 0 0 76315.9 2.95899
W0_RB1in_9F 1 1 0 0 153875 5.96619
W0_RB2out_9B 0 1 0 0 24159.6 0.833343
W0_RB1out_9B 1 0 0 0 58368.4 2.4238
W0_RB1in_9B 0 0 0 0 151550 6.29324
