323471  -61885294387
W-2_RB4_1+F 0 27 30 0 260355 10.5026
W-2_RB3_1F 0 0 0 0 24455.2 1.31979
W-2_RB4_1+B 7 20 29 0 257064 11.1061
W-2_RB3_1B 3 0 0 0 19723.8 1.14002
W-2_RB2out_1F 0 0 0 0 99442 4.70629
W-2_RB2out_1C 0 0 0 0 119023 6.04446
W-2_RB2out_1B 1 0 0 0 50495.3 2.64772
W-2_RB2in_1F 0 0 0 0 inf inf
W-2_RB1out_1F 0 0 0 0 inf inf
W-2_RB1in_1F 0 0 0 0 -nan -nan
W-2_RB2in_1B 0 0 0 0 84159.4 2.90293
W-2_RB1out_1B 0 0 0 0 255179 10.5965
W-2_RB1in_1B 1 0 0 0 357817 14.8586
W-2_RB4_2+F 1 0 0 0 935415 37.7342
W-2_RB3_2F 1 6 37 0 11057.3 0.596735
W-2_RB4_2+B 1 0 0 0 744472 32.1639
W-2_RB3_2B 4 8 31 0 10259.6 0.593002
W-2_RB2out_2F 0 0 0 0 152986 7.24034
W-2_RB2out_2C 0 0 0 1 271407 13.7831
W-2_RB2out_2B 0 0 0 0 162598 8.52582
W-2_RB2in_2F 1 0 0 1 156165 5.02952
W-2_RB1out_2F 0 0 0 0 431322 16.7236
W-2_RB1in_2F 1 0 0 0 373572 14.4845
W-2_RB2in_2B 0 1 0 0 73319.2 2.52902
W-2_RB1out_2B 1 0 0 0 321434 13.3478
W-2_RB1in_2B 3 0 0 0 333755 13.8594
W-2_RB4_3+F 0 0 0 11 1.57764e+06 63.6413
W-2_RB3_3F 1 15 28 0 14996.8 0.809345
W-2_RB4_3+B 0 0 0 38 3.05346e+06 131.92
W-2_RB3_3B 1 24 42 0 6422.35 0.371209
W-2_RB2out_3F 1 0 0 0 95728.9 4.53056
W-2_RB2out_3C 0 0 0 0 119407 6.06399
W-2_RB2out_3B 0 0 0 0 59052.2 3.09641
W-2_RB2in_3F 1 7 0 0 137195 4.41856
W-2_RB1out_3F 0 0 0 0 400098 15.513
W-2_RB1in_3F 0 0 0 0 576688 22.3599
W-2_RB2in_3B 0 0 0 0 110760 3.82047
W-2_RB1out_3B 0 0 0 0 373514 15.5105
W-2_RB1in_3B 0 0 0 0 621914 25.8255
W-2_RB4_10+F 0 0 0 0 25322 0.815534
W-2_RB4_10-F 0 0 0 0 27297 0.879142
W-2_RB3_10F 0 0 0 0 16498.1 0.890362
W-2_RB4_10+B 0 0 0 0 10944.8 0.377521
W-2_RB4_10-B 0 0 0 0 18248.2 0.62944
W-2_RB3_10B 0 0 0 0 10595 0.612385
W-2_RB2out_10F 0 0 0 0 91350.5 4.32334
W-2_RB2out_10C 0 2 0 0 104325 5.29806
W-2_RB2out_10B 0 0 0 0 71479.1 3.74801
W-2_RB2in_10F 0 0 0 0 86051.5 2.77142
W-2_RB1out_10F 0 0 0 0 357136 13.8472
W-2_RB1in_10F 0 4 0 0 918196 35.6011
W-2_RB2in_10B 0 0 0 0 77443.3 2.67127
W-2_RB1out_10B 0 4 0 0 271532 11.2756
W-2_RB1in_10B 0 0 0 0 372456 15.4665
W-2_RB4_11F 0 0 0 0 39468.1 1.59212
W-2_RB3_11F 1 0 0 0 22333.6 1.20529
W-2_RB4_11B 0 0 0 0 18022.3 0.778629
W-2_RB3_11B 1 0 0 0 21785.1 1.25917
W-2_RB2out_11F 1 0 0 0 88990 4.21163
W-2_RB2out_11C 0 0 0 0 127765 6.48843
W-2_RB2out_11B 0 0 0 0 53319 2.79579
W-2_RB2in_11F 0 0 0 0 166188 5.35233
W-2_RB1out_11F 0 0 0 0 435200 16.874
W-2_RB1in_11F 0 0 0 0 504500 19.561
W-2_RB2in_11B 1 0 0 0 128114 4.41908
W-2_RB1out_11B 7 0 0 0 359490 14.9281
W-2_RB1in_11B 11 14 0 0 391141 16.2425
W-2_RB4_12+F 0 0 0 0 387701 15.6396
W-2_RB3_12F 4 13 38 0 30275.8 1.63392
W-2_RB4_12+B 0 0 0 0 470578 20.3307
W-2_RB3_12B 0 30 25 0 22045.2 1.2742
W-2_RB2out_12F 0 0 0 0 101523 4.80476
W-2_RB2out_12C 0 0 0 0 118304 6.00796
W-2_RB2out_12B 0 0 0 0 56719.9 2.97411
W-2_RB2in_12F 0 1 0 0 186876 6.01864
W-2_RB1out_12F 0 2 2 0 310849 12.0525
W-2_RB1in_12F 0 0 0 0 610006 23.6517
W-2_RB2in_12B 0 0 0 0 128071 4.41758
W-2_RB1out_12B 0 1 1 0 300597 12.4825
W-2_RB1in_12B 0 0 0 0 479586 19.9152
