323471  -61885294387
RE+1_2_09 0 0 0 0 84315.2 7.16531
RE+1_2_10 0 0 0 0 139910 11.8899
RE+1_2_11 1 2 0 0 49100.2 4.17265
RE+1_3_09 0 0 0 0 56412.4 3.15033
RE+1_3_10 2 0 0 0 51168.7 2.85749
RE+1_3_11 0 0 0 0 63354.4 3.538
RE+2_2_11 0 0 0 0 196965 16.6009
RE+2_2_12 0 0 0 0 216180 18.2204
RE+2_2_13 0 0 0 0 205815 17.3468
RE+2_3_11 0 0 0 0 58399.6 2.96336
RE+2_3_12 0 0 0 0 100221 5.08549
RE+2_3_13 0 0 0 0 103706 5.26234
RE+1_2_12 0 0 0 0 135920 11.5508
RE+1_2_13 0 0 0 0 111700 9.49251
RE+1_2_14 1 0 0 0 179971 15.2943
RE+1_3_12 0 0 0 0 44185.3 2.46751
RE+1_3_13 0 0 0 0 59720.1 3.33504
RE+1_3_14 0 0 0 0 40228.6 2.24655
RE+2_2_14 0 0 0 0 246266 20.7561
RE+2_2_15 0 0 0 0 134544 11.3399
RE+2_2_16 0 0 0 0 201696 16.9996
RE+2_3_14 0 0 0 0 76936.8 3.90399
RE+2_3_15 0 0 0 0 101662 5.15861
RE+2_3_16 0 0 0 0 101951 5.1733
RE+1_2_15 0 0 0 0 111232 9.45274
RE+1_2_16 1 0 0 0 120636 10.252
RE+1_2_17 0 0 0 0 123242 10.4734
RE+1_3_15 0 0 0 0 52183 2.91414
RE+1_3_16 0 0 0 0 38887.6 2.17166
RE+1_3_17 0 0 0 0 42734 2.38646
RE+2_2_17 0 0 0 0 204406 17.2281
RE+2_2_18 0 0 0 0 211547 17.8299
RE+2_2_19 0 0 0 0 197036 16.6068
RE+2_3_17 0 0 0 0 90779.3 4.6064
RE+2_3_18 1 0 0 0 94835.5 4.81223
RE+2_3_19 0 0 0 0 105481 5.35243
RE+1_2_18 1 1 0 0 122200 10.3848
RE+1_2_19 0 0 0 0 116779 9.92415
RE+1_2_20 0 0 0 0 97321.7 8.27062
RE+1_3_18 0 0 0 0 43505.1 2.42953
RE+1_3_19 0 0 0 0 42925.1 2.39714
RE+1_3_20 0 0 0 0 58726.6 3.27956
RE+2_2_20 0 0 0 0 189426 15.9655
RE+2_2_21 0 0 0 0 216227 18.2244
RE+2_2_22 0 0 0 0 246574 20.7821
RE+2_3_20 0 0 0 0 106964 5.42765
RE+2_3_21 0 0 0 0 112177 5.69216
RE+2_3_22 0 0 0 0 74686 3.78978
RE+1_2_21 0 0 0 0 79829.4 6.78409
RE+1_2_22 0 0 0 0 133808 11.3713
RE+1_2_23 0 0 0 0 85966.5 7.30564
RE+1_3_21 0 0 0 0 42453.3 2.37079
RE+1_3_22 0 0 0 0 29991.6 1.67487
RE+1_3_23 0 0 0 0 34790.5 1.94286
RE+2_2_23 0 0 0 0 176485 14.8748
RE+2_2_24 0 0 0 0 192143 16.1945
RE+2_2_25 0 0 0 0 191516 16.1416
RE+2_3_23 0 0 0 0 74196 3.76492
RE+2_3_24 0 0 0 0 88611.2 4.49639
RE+2_3_25 0 0 0 0 70998.6 3.60267
RE+1_2_24 0 0 0 0 115380 9.80523
RE+1_2_25 17 0 0 0 114960 9.7696
RE+1_2_26 0 0 0 0 119848 10.1849
RE+1_3_24 0 0 0 0 28596.1 1.59694
RE+1_3_25 0 0 0 0 27298.9 1.52449
RE+1_3_26 1 0 0 0 25829.1 1.44241
RE+2_2_26 0 0 0 0 195238 16.4554
RE+2_2_27 0 0 0 0 118546 9.99146
RE+2_2_28 0 0 0 0 188326 15.8727
RE+2_3_26 0 0 0 0 54760.7 2.77872
RE+2_3_27 0 0 0 0 75720.6 3.84228
RE+2_3_28 0 0 0 0 87059.8 4.41767
