323471  -61885294387
RE-1_2_36 0 0 0 0 124439 10.5751
RE-1_2_01 0 0 0 0 109640 9.31743
RE-1_2_02 0 0 0 0 131316 11.1595
RE-1_3_36 0 0 0 0 36048 2.01308
RE-1_3_01 0 0 0 0 44913.7 2.50819
RE-1_3_02 0 0 0 0 53976.4 3.01429
RE-2_2_02 0 1 0 0 229240 19.3212
RE-2_2_03 0 1 0 0 245725 20.7106
RE-2_2_04 0 0 0 0 142076 11.9746
RE-2_3_02 0 0 0 0 109359 5.54918
RE-2_3_03 0 0 0 0 102230 5.18744
RE-2_3_04 0 0 0 0 129480 6.57017
RE-1_2_03 0 0 0 0 104522 8.88251
RE-1_2_04 0 0 0 0 139187 11.8285
RE-1_2_05 0 0 0 0 90825.9 7.7186
RE-1_3_03 0 0 0 0 35361.6 1.97476
RE-1_3_04 0 5 0 0 118087 6.59453
RE-1_3_05 0 0 0 0 36739.3 2.05169
RE-2_2_05 0 0 0 0 215677 18.178
RE-2_2_06 0 2 0 0 171813 14.481
RE-2_2_07 0 0 0 0 212873 17.9416
RE-2_3_05 0 0 0 0 114054 5.78743
RE-2_3_06 0 1 0 0 109145 5.53836
RE-2_3_07 0 2 0 0 111292 5.64727
RE-1_2_06 0 0 0 0 134516 11.4315
RE-1_2_07 0 0 0 0 92415 7.85364
RE-1_2_08 0 0 0 0 136679 11.6153
RE-1_3_06 0 0 0 0 40885.4 2.28323
RE-1_3_07 0 0 0 0 41960.5 2.34327
RE-1_3_08 0 0 0 0 41644.2 2.3256
RE-2_2_08 0 1 0 0 225319 18.9906
RE-2_2_09 0 0 0 0 261370 22.0291
RE-2_2_10 0 1 0 0 238605 20.1105
RE-2_3_08 0 0 0 0 78743.3 3.99566
RE-2_3_09 0 0 0 0 109717 5.56736
RE-2_3_10 0 0 0 0 122610 6.22158
RE-1_2_27 0 0 0 0 91691.2 7.79214
RE-1_2_28 0 1 0 0 82631.1 7.02219
RE-1_2_29 1 0 0 1 115555 9.82015
RE-1_3_27 0 0 0 0 19630.1 1.09623
RE-1_3_28 0 0 0 0 16322.1 0.911502
RE-1_3_29 0 0 0 0 20925.6 1.16858
RE-2_2_29 0 0 0 0 267351 22.5333
RE-2_2_30 0 1 0 0 217546 18.3356
RE-2_2_31 0 2 0 0 255139 21.504
RE-2_3_29 0 0 0 0 65559.7 3.32669
RE-2_3_30 0 1 0 0 79800 4.04928
RE-2_3_31 0 1 0 0 88164.5 4.47372
RE-1_2_30 0 0 0 0 147224 12.5114
RE-1_2_31 0 2 0 0 53743.3 4.56723
RE-1_2_32 0 2 0 0 103520 8.79734
RE-1_3_30 0 0 0 0 38426.4 2.14591
RE-1_3_31 1 0 0 0 27423.3 1.53144
RE-1_3_32 8 0 0 0 24692.9 1.37896
RE-2_2_32 4 0 0 0 204361 17.2243
RE-2_2_33 0 0 0 0 212448 17.9059
RE-2_2_34 1 2 0 0 192927 16.2606
RE-2_3_32 4 0 0 0 69416.2 3.52238
RE-2_3_33 4 0 0 0 82404 4.18142
RE-2_3_34 0 0 0 0 121170 6.1485
RE-1_2_33 0 2 0 0 98427.9 8.36463
RE-1_2_34 0 0 0 0 154017 13.0887
RE-1_2_35 0 3 0 0 91396.2 7.76707
RE-1_3_33 0 2 0 1 142260 7.94447
RE-1_3_34 0 0 0 0 23164.9 1.29364
RE-1_3_35 0 0 0 0 29400.9 1.64188
RE-2_2_35 0 1 0 0 223626 18.848
RE-2_2_36 0 2 0 0 184507 15.5509
RE-2_2_01 0 1 0 0 247963 20.8992
RE-2_3_35 0 1 0 0 135087 6.85472
RE-2_3_36 0 1 0 0 83173.7 4.22047
RE-2_3_01 0 2 0 0 112593 5.71327
