W-1_RB4_6+F 59 240.767 255.7
W-1_RB4_6+F 61 240.767 296.731
W-1_RB4_6+F 62 240.767 280.229
W-1_RB4_6+F 64 243.067 320.737
W-1_RB4_6+F 65 248.8 480.513
W-1_RB4_6+F 66 248.8 466.304
W-1_RB4_6+F 69 248.8 484.714
W-1_RB4_6+F 71 247.45 508.862
W-1_RB4_6+F 73 240.767 239.586
W-1_RB4_6+F 74 240.767 227.963
W-1_RB4_6+F 75 240.767 212.076
W-1_RB4_6+F 76 240.767 197.044
W-1_RB4_6+F 77 240.767 236.206
W-1_RB4_6+F 78 240.767 221.524
W-1_RB4_6+F 79 240.767 247.107
W-1_RB4_6+F 80 240.767 262.185
W-1_RB4_6+F 82 240.767 274.353
W-1_RB4_6+F 83 240.767 244.388
W-1_RB4_6+F 84 240.767 298.249
W-1_RB4_6+F 85 240.767 281.629
W-1_RB4_6+F 86 240.767 239.607
W-1_RB4_6+F 87 240.767 248.404
W-1_RB4_6+F 88 240.767 223.845
W-1_RB4_6+F 89 240.767 247.83
W-1_RB4_6+F 90 240.767 218.85
W-1_RB4_6+F 91 240.767 212.869
W-1_RB4_6+F 93 239.45 181.345
W-1_RB4_6+F 94 238.683 138.353
W-1_RB4_6+F 96 239.45 158.965
W-1_RB4_6+B 49 251.267 1153.61
W-1_RB4_6+B 50 241.117 116.352
W-1_RB4_6+B 51 251.267 585.376
W-1_RB4_6+B 52 251.267 1838.11
W-1_RB4_6+B 53 251.267 613.42
W-1_RB4_6+B 54 251.267 831.252
W-1_RB4_6+B 55 251.267 463.46
W-1_RB4_6+B 56 251.267 375.157
W-1_RB4_6+B 57 243.217 227.361
W-1_RB4_6+B 58 243.217 230.717
W-1_RB4_6+B 59 243.217 236.01
W-1_RB4_6+B 60 243.217 239.463
W-1_RB4_6+B 61 243.217 228.229
W-1_RB4_6+B 62 243.217 242.63
W-1_RB4_6+B 63 243.217 237.972
W-1_RB4_6+B 64 243.217 240.139
W-1_RB4_6+B 68 246.283 313.832
W-1_RB4_6+B 69 250.283 324.956
W-1_RB4_6+B 74 243.217 294.955
W-1_RB4_6+B 75 243.217 286.266
W-1_RB4_6+B 76 243.217 284.45
W-1_RB4_6+B 77 243.217 272.463
W-1_RB4_6+B 78 247.167 343.135
W-1_RB4_6+B 79 245.55 345.143
W-1_RB4_6+B 80 249.5 399.13
W-1_RB4_6+B 81 243.217 285.781
W-1_RB4_6+B 82 243.217 285.269
W-1_RB4_6+B 83 243.217 283.752
W-1_RB4_6+B 84 243.217 254.987
W-1_RB4_6+B 85 243.217 259.793
W-1_RB4_6+B 86 243.217 267.677
W-1_RB4_6+B 87 243.217 283.289
W-1_RB4_6+B 88 243.217 270.462
W-1_RB4_6+B 89 243.217 275.803
W-1_RB4_6+B 90 245.533 326.06
W-1_RB4_6+B 91 244.2 425.518
W-1_RB4_6+B 92 243.217 292.478
W-1_RB4_6+B 93 245.8 412.039
W-1_RB4_6+B 94 247.217 346.935
W-1_RB4_6+B 95 250.817 320.939
W-1_RB4_6+B 96 243.217 298.819
W+1_RB2in_4B 5 117 2137.39
W+1_RB2in_4B 7 106.017 2143.48
W+1_RB2in_4B 8 182.1 2209.57
W+1_RB2in_4B 9 180.4 1700.25
W+1_RB2in_4B 11 105.567 2259.86
W+1_RB2in_4B 12 165.95 2072.94
W+1_RB2in_4B 13 30.1667 643.662
W+1_RB2in_4B 14 54.5833 1873.96
W+1_RB2in_4B 19 204.1 2517.79
W+1_RB2in_4B 26 45.25 1484.45
W+1_RB2in_4B 27 149.85 3242.06
W+1_RB2in_4B 29 39.2167 1022.96
W+1_RB2in_4B 42 151.4 3605.59
W+1_RB2in_4B 43 72.8167 2627.51
W+1_RB2in_4B 44 100.767 2293.68
W+1_RB2in_4B 45 17.95 682.393
W+1_RB2in_4B 55 45.5333 580.689
W+1_RB2in_4B 71 46.7667 1092.09
W+1_RB2in_4B 82 118.567 1421.28
W+1_RB2in_4B 85 155.25 1753.12
W+1_RB2in_4B 86 208.267 2936.4
W+1_RB2in_4B 89 77.1667 941.369
W+1_RB2in_4B 90 116.6 2627.78
W+1_RB2in_4B 91 144.85 2477.38
W+1_RB2in_4B 94 44.8833 2137.22
W+1_RB1in_6F 66 342.95 16254.8
W+1_RB1in_6F 67 336 1781.03
W+1_RB1in_6F 68 335.9 2694.99
W+1_RB1in_6F 69 334.617 2120.53
W+1_RB1in_6F 70 336 2296.08
W+1_RB1in_6F 71 338.733 3403.12
W+1_RB1in_6F 72 322.833 565.126
W+1_RB1out_7B 2 281.683 494.888
W+1_RB3_8F 2 285.433 153.915
W+1_RB3_8B 2 287.883 386.222
W+1_RB1in_9F 96 297.883 131.174
W+1_RB3_1F 95 210.533 293.959
W+1_RB1out_10F 96 256.25 120.118
W+1_RB1out_11B 2 289.933 212.931
W+2_RB2in_5B 2 230.55 246.326
W+2_RB4_7+F 13 22.15 64.7221
W+2_RB4_7+F 14 19.5667 62.2464
W+2_RB4_7+F 15 55.4833 70.4912
W+2_RB4_7+F 16 40.8833 68.4129
W+2_RB4_7+F 17 24.4 69.9855
W+2_RB4_7+F 25 15.4667 61.3941
W+2_RB4_7+F 33 42.05 68.8751
W+2_RB4_7+B 1 77.4333 81.2844
W+2_RB4_7+B 9 96.0667 82.6991
W+2_RB4_7+B 10 118.817 87.1829
W+2_RB4_7+B 11 111.167 88.6405
W+2_RB4_7+B 12 104.617 87.3312
W+2_RB4_7+B 13 122.467 87.8752
W+2_RB4_7+B 14 133.35 91.1034
W+2_RB4_7+B 15 113.417 86.9422
W+2_RB4_7+B 16 130.95 93.0141
W+2_RB4_7+B 17 96.45 86.8494
W+2_RB4_7+B 18 58.1333 75.3683
W+2_RB4_7+B 19 33.4 71.6474
W+2_RB4_7+B 20 77.1333 80.2503
W+2_RB4_7+B 21 80.1333 81.6971
W+2_RB4_7+B 22 59.15 78.3504
W+2_RB4_7+B 23 48.7333 80.6805
W+2_RB4_7+B 24 23.85 73.2834
W+2_RB4_7+B 25 102.1 85.0705
W+2_RB4_7+B 26 69.5167 79.1498
W+2_RB4_7+B 27 81.8 79.4827
W+2_RB4_7+B 28 87.45 81.3702
W+2_RB4_7+B 29 76.0833 78.5475
W+2_RB4_7+B 30 86.3 84.118
W+2_RB4_7+B 31 59.05 76.3079
W+2_RB4_7+B 32 78.4 81.0899
W+2_RB4_7+B 33 50.3667 81.6197
W+2_RB4_7+B 34 46.9333 72.5014
W+2_RB4_7+B 35 18.8833 69.9879
W+2_RB4_7+B 36 23.9833 78.8522
W+2_RB4_7+B 37 27.85 76.1885
W+2_RB4_7+B 38 30.4833 75.4315
W+2_RB4_7+B 41 52.5667 76.2358
W+2_RB4_7+B 42 22.5167 72.1149
W+2_RB1out_8B 47 52.85 145.771
W+2_RB1out_8B 51 286.033 254.362
W+2_RB1out_8B 52 274.75 249.334
W+2_RB1out_8B 54 239.067 174.306
W0_RB2in_5F 35 71.3 949.139
W0_RB2in_5F 41 41.7167 777.377
W0_RB2in_5F 48 36.7 1219.81
W0_RB2in_5F 92 29.2667 687.124
W0_RB2in_5F 95 30.25 715.001
W0_RB2in_5F 96 16.2167 522.405
W0_RB1out_6B 45 17.0167 605.955
W0_RB3_8B 2 277.083 169.191
W0_RB2out_8F 27 55.8333 235.881
W0_RB2out_8F 29 40.7167 284.423
W+2_RB4_1+B 16 26.25 82.775
W+2_RB4_1+B 22 21.95 83.6085
W+2_RB4_1+B 23 36.5667 86.3611
W+2_RB4_1+B 24 17.5667 77.1488
W+2_RB4_1+B 25 47.0833 85.58
W+2_RB4_1+B 26 40.95 88.3157
W+2_RB4_1+B 27 24.2833 77.7823
W+2_RB4_1+B 28 23.8833 79.6609
W+2_RB4_1+B 29 20.0667 76.0458
W+2_RB4_1+B 30 22.1833 81.913
W+2_RB4_1+B 31 30.5833 83.98
W+2_RB4_1+B 32 51.4167 86.4448
W+2_RB2out_3B 10 22.9667 414.985
W+2_RB2out_3B 11 79.4 464.064
W+2_RB2out_3B 31 40.55 713.664
W+2_RB2out_3B 38 93.7333 741.341
W+2_RB2out_3B 39 207.483 1249.61
W+2_RB2out_3B 41 74.6833 385.106
W+2_RB2out_3B 42 24.7 222.067
W+2_RB2out_3B 44 136.583 571.304
W+2_RB2out_3B 46 26.15 268.909
W+2_RB2out_3B 55 193.567 598.057
W+2_RB2out_3B 68 135.817 989.261
W+2_RB2out_3B 71 20.1 405.231
W+2_RB2out_3B 73 172.283 1088.36
W+2_RB2out_3B 74 206.633 1721.85
W+2_RB2out_3B 75 199.4 1587.5
W+2_RB2out_3B 76 208.233 1649.59
W+2_RB2out_3B 77 216.717 1790.17
W+2_RB2out_3B 78 205.833 1324.41
W+2_RB2out_3B 80 163.133 1008.03
W+2_RB2out_3B 90 39.1167 374.451
W+2_RB2out_3B 91 176.35 3701.54
W+2_RB2out_3B 92 38.1333 1176.48
W+2_RB2out_3B 94 106.267 1572.51
W+2_RB2out_3B 95 168.667 785.915
W+2_RB2out_3B 96 188.717 640.895
W+2_RB4_12+B 96 25.8333 65.7209
W+2_RB2out_12F 3 131.2 1649.59
W+2_RB2out_12F 4 131.2 746.416
W+2_RB2out_12F 5 49.2667 984.374
W+2_RB2out_12F 6 30.0333 356.968
W+2_RB2out_12F 7 114.183 1110.29
W+2_RB2out_12F 8 131.2 1652.73
W+2_RB2out_12F 9 131.2 916.506
W+2_RB2out_12F 11 131.2 919.326
W+2_RB2out_12F 12 131.2 1371.45
W+2_RB2out_12F 13 131.2 756.237
W+2_RB2out_12F 14 131.2 1543.06
W+2_RB2out_12F 15 131.2 1429.71
W+2_RB2out_12F 16 131.2 2013.79
W+2_RB2out_12F 19 131.2 3311.07
W+2_RB2out_12F 20 131.2 1749.19
W+2_RB2out_12F 21 131.2 5783.54
W+2_RB2out_12F 22 131.2 3568.34
W+2_RB2out_12F 23 131.2 2616.92
W+2_RB2out_12F 24 131.2 3853.25
W+2_RB2out_12F 26 131.2 2778.92
W+2_RB2out_12F 27 128.917 708.069
W+2_RB2out_12F 28 131.2 722.141
W+2_RB2out_12F 29 128.917 427.645
W+2_RB2out_12F 30 128.917 399.533
W+2_RB2out_12F 31 128.917 400.285
W+2_RB2out_12F 32 94.35 233.257
W+2_RB2out_12F 35 131.2 1589.59
W+2_RB2out_12F 36 131.2 1171.42
W+2_RB2out_12F 37 131.2 5894.44
W+2_RB2out_12F 38 131.2 1863.03
W+2_RB2out_12F 39 131.2 2200.51
W+2_RB2out_12F 42 83.2333 343.086
W+2_RB2out_12F 47 131.2 699.093
W+2_RB2out_12F 56 131.2 699.242
W+2_RB2out_12F 57 130.25 801.364
W+2_RB2out_12F 58 131.2 692.519
W+2_RB2out_12F 59 35.3833 194.03
W+2_RB2out_12F 61 126.65 377.784
W+2_RB2out_12F 63 131.2 1524.94
W+2_RB2out_12F 67 131.2 495.432
W+2_RB2out_12F 69 124.017 393.888
W+2_RB2out_12F 70 119.95 393.93
W+2_RB2out_12F 74 54.9667 282.521
W+2_RB2out_12F 79 131.2 636.613
W+2_RB2out_12F 80 131.2 445.527
W+2_RB2out_12F 85 131.2 897.698
W+2_RB2out_12F 96 131.2 682.149
W+2_RB2out_12C 11 127.15 517.008
W+2_RB2out_12C 12 131.5 2836.85
W+2_RB2out_12C 15 123 523.922
W+2_RB2out_12C 16 124.583 571.956
W+2_RB2out_12C 20 127.55 616.294
W+2_RB2out_12C 23 100.817 559.621
W+2_RB2out_12C 28 118.95 1611.33
W+2_RB2out_12C 37 86.05 1206.35
W+2_RB2out_12C 38 20.5333 620.159
W+2_RB2out_12C 42 131.5 1173.95
W+2_RB2out_12C 43 100 1249.98
W+2_RB2out_12C 44 49.3833 865.83
W+2_RB2out_12C 45 131.5 6475.32
W+2_RB2out_12C 47 131.5 10128.3
W+2_RB2out_12C 48 131.5 4359.07
W+2_RB2out_12C 57 32.15 766.804
W+2_RB2out_12C 61 55.2 955.003
W+2_RB2out_12C 63 29.4 836.622
W+2_RB2out_12C 83 19.9667 299.15
W+2_RB2out_12C 84 114.267 633.593
W+2_RB2out_12C 85 115.833 402.259
W+2_RB2out_12C 86 60.2 429.578
W+2_RB2out_12C 87 52.4 434.086
W+2_RB2out_12C 91 54.0333 284.099
W+2_RB2out_12B 21 25.8 730.021
W+2_RB2out_12B 23 130.833 521.015
W+2_RB2out_12B 26 131.767 1995.29
W+2_RB2out_12B 27 131.767 756.478
W+2_RB2out_12B 29 22.0167 493.05
W+2_RB2out_12B 31 131.767 1079.18
W+2_RB2out_12B 35 131.767 2426.89
W+2_RB2out_12B 36 131.767 6468.11
W+2_RB2out_12B 37 131.767 2408.59
W+2_RB2out_12B 38 131.767 5954.08
W+2_RB2out_12B 39 131.767 6621.97
W+2_RB2out_12B 40 131.767 6384.29
W+2_RB2out_12B 42 130.367 2141.11
W+2_RB2out_12B 43 16.4667 816.458
W+2_RB2out_12B 44 129.367 1579.92
W+2_RB2out_12B 45 131.767 4881.53
W+2_RB2out_12B 47 131.767 1692.18
W+2_RB2out_12B 53 56.3167 462.142
W+2_RB2out_12B 54 114.5 1074.19
W+2_RB2out_12B 55 131.767 1372.21
W+2_RB2out_12B 58 91.4667 442.88
W+2_RB2out_12B 59 28.5667 259.104
W+2_RB2out_12B 60 105.883 424
W+2_RB2out_12B 61 87.0833 432.314
W+2_RB2out_12B 62 116.767 521.574
W+2_RB2out_12B 63 131.767 7469.31
W+2_RB2out_12B 64 64.4 539.001
W+2_RB2out_12B 73 131.767 18971.7
W+2_RB2out_12B 74 111.283 670.451
W+2_RB2out_12B 75 131.767 1305.5
W+2_RB2out_12B 76 131.767 3696.72
W+2_RB2out_12B 77 131.767 956.885
W+2_RB2out_12B 78 131.767 1099.52
W+2_RB2out_12B 79 119.867 813.418
W+2_RB2out_12B 80 127.567 948.003
W+2_RB2out_12B 87 24 993.019
W-2_RB3_4F 46 156.883 84.8043
W-2_RB1out_4B 5 203.517 289.782
W-2_RB1out_4B 50 84.3 221.559
W-2_RB4_5+F 9 36.1667 213.263
W-2_RB4_5+F 10 228.55 266.206
W-2_RB4_5+F 11 202.7 235.536
W-2_RB4_5+F 12 228.55 292.111
W-2_RB4_5+F 13 228.55 362.6
W-2_RB4_5+F 14 228.55 432.319
W-2_RB4_5+F 15 228.55 503.214
W-2_RB4_5+F 16 228.55 523.013
W-2_RB4_5+F 17 228.55 484.985
W-2_RB4_5+F 18 228.55 428.93
W-2_RB4_5+F 19 228.55 564.43
W-2_RB4_5+F 20 228.55 497.253
W-2_RB4_5+F 21 228.55 428.311
W-2_RB4_5+F 22 228.55 375.709
W-2_RB4_5+F 23 228.55 542.644
W-2_RB4_5+F 24 228.55 365.459
W-2_RB4_5+F 25 228.55 614.19
W-2_RB4_5+F 26 228.55 599.753
W-2_RB4_5+F 27 228.55 575.276
W-2_RB4_5+F 28 228.55 619.791
W-2_RB4_5+F 29 228.55 523.13
W-2_RB4_5+F 30 228.55 615.871
W-2_RB4_5+F 31 228.55 642.064
W-2_RB4_5+F 32 228.55 618.004
W-2_RB4_5+F 33 228.55 609.194
W-2_RB4_5+F 34 228.55 578.256
W-2_RB4_5+F 35 228.55 646.346
W-2_RB4_5+F 36 228.55 590.691
W-2_RB4_5+F 37 228.55 611.06
W-2_RB4_5+F 38 228.55 640.335
W-2_RB4_5+F 39 228.55 635.932
W-2_RB4_5+F 40 228.55 614.944
W-2_RB4_5+F 41 228.55 549.449
W-2_RB4_5+F 42 228.55 506.838
W-2_RB4_5+F 43 228.55 517.024
W-2_RB4_5+F 44 228.55 486.249
W-2_RB4_5+F 45 228.55 491.085
W-2_RB4_5+F 46 228.55 447.641
W-2_RB4_5+B 5 231.25 239.055
W-2_RB4_5+B 6 231.25 460.858
W-2_RB4_5+B 7 231.25 423.193
W-2_RB4_5+B 8 231.25 487.324
W-2_RB4_5+B 9 231.25 713.982
W-2_RB4_5+B 10 231.25 626.79
W-2_RB4_5+B 11 231.25 640.307
W-2_RB4_5+B 12 231.25 608.903
W-2_RB4_5+B 13 231.25 668.216
W-2_RB4_5+B 14 231.25 685.486
W-2_RB4_5+B 15 231.25 657.783
W-2_RB4_5+B 16 231.25 657.933
W-2_RB4_5+B 17 231.25 672.28
W-2_RB4_5+B 18 231.25 687.154
W-2_RB4_5+B 19 231.25 711.165
W-2_RB4_5+B 20 231.25 650.671
W-2_RB4_5+B 21 231.25 719.674
W-2_RB4_5+B 22 231.25 673.854
W-2_RB4_5+B 23 231.25 679.23
W-2_RB4_5+B 24 231.25 661.486
W-2_RB4_5+B 25 231.25 719.268
W-2_RB4_5+B 26 231.25 723.262
W-2_RB4_5+B 27 231.25 679.142
W-2_RB4_5+B 28 231.25 723.328
W-2_RB4_5+B 29 231.25 699.499
W-2_RB4_5+B 30 231.25 730.519
W-2_RB4_5+B 31 231.25 735.328
W-2_RB4_5+B 32 231.25 731.319
W-2_RB4_5+B 33 231.25 692.832
W-2_RB4_5+B 34 231.25 648.311
W-2_RB4_5+B 35 231.25 650.821
W-2_RB4_5+B 36 231.25 581.309
W-2_RB4_5+B 37 231.25 551.728
W-2_RB4_5+B 38 231.25 653.296
W-2_RB4_5+B 39 231.25 580.059
W-2_RB4_5+B 40 231.25 568.765
W-2_RB4_5+B 41 231.25 616.743
W-2_RB4_5+B 42 231.25 572.968
W-2_RB4_5+B 43 231.25 683.777
W-2_RB4_5+B 44 231.25 650.533
W-2_RB4_5+B 45 231.25 657.821
W-2_RB4_5+B 46 231.25 685.583
W-2_RB4_5+B 47 231.25 572.122
W-2_RB4_5+B 48 231.25 565.549
W-2_RB4_8+B 49 278.867 98.4565
W-2_RB1in_9B 95 145.5 2474.73
W-2_RB2in_2F 51 64.85 1568.79
W-2_RB2in_2F 53 53.6167 1225.76
W-2_RB2in_2F 54 25.0167 838.147
W-2_RB4_3+B 73 242.933 200.104
W-2_RB4_3+B 74 242.933 194.389
W-2_RB4_3+B 75 242.933 191.93
W-2_RB4_3+B 76 242.933 195.61
W-2_RB4_3+B 77 241.933 188.446
W-2_RB4_3+B 78 242.933 190.74
W-2_RB4_3+B 79 242.933 188.37
W-2_RB4_3+B 80 242.933 191.144
W-2_RB4_3+B 81 234.767 123.025
W-2_RB4_3+B 82 234.25 101.438
W-2_RB4_3+B 83 226.4 94.4524
W-2_RB4_3+B 84 187.367 96.4728
W-2_RB4_3+B 85 161.733 85.4348
W-2_RB4_3+B 86 137.017 85.8447
W-2_RB4_3+B 87 100.8 82.092
W-2_RB4_3+B 88 112.717 85.5018
W-2_RB4_3+B 89 60.0667 76.2683
W-2_RB4_3+B 90 50.1 75.3216
W-1_RB4_1+B 1 197.567 88.5508
W-1_RB2in_1C 43 26.9167 1938.59
W-1_RB3_11F 21 56.8 1659.54
W-1_RB3_11F 27 25.9333 1874.32
W-1_RB3_11F 34 34.9667 327.274
W-1_RB3_11F 35 174.517 2294.75
W-1_RB3_11F 37 45.4667 628.662
W-1_RB3_11F 38 46.6 824.794
W-1_RB3_11B 12 16.05 320.64
W-1_RB3_11B 35 83.1 12397.2
W-1_RB3_11B 36 69.4333 12966.2
RE-1_3_16 9 20.7167 1894.63
RE-1_3_16 11 15.9333 1651.74
RE-1_3_18 20 16.7167 1534.71
RE-1_3_21 13 52.15 3235.3
RE-1_3_21 24 15.9333 1821.46
RE-4_2_35 40 216.1 753.36
RE-4_2_06 15 19.6833 273.751
RE-3_2_28 86 24.4667 659.581
RE-1_3_01 16 27.55 6434.41
RE-1_3_04 10 37.2333 661.511
RE-1_3_04 24 26.5833 1031.59
RE-1_2_29 17 355.933 615.155
RE-1_3_33 10 22.6333 1089.18
RE-1_3_33 14 50.9 1229.23
RE-1_3_33 16 79.7667 6874.3
RE-4_2_13 25 71.75 473.758
RE-4_3_26 12 238.1 623.576
RE+1_3_02 16 29.8833 663.376
RE+1_2_29 33 134.417 3464.58
RE+1_2_29 34 130.733 3402.1
RE+1_2_29 35 129.133 2971.14
RE+1_2_29 36 119.883 2585.77
RE+1_3_29 22 19.5167 2231.64
RE+1_3_29 24 23.2667 1907.14
RE+1_3_33 18 72.3833 1350.27
RE+1_3_33 19 59.0333 1449.97
RE+1_3_33 23 54.3333 1293.73
RE+1_3_33 24 17.7 813.016
RE+4_3_09 14 48.8167 329.925
RE+4_2_12 16 178.85 264.01
RE+4_2_13 21 15.5333 319.189
RE+4_3_22 2 240.383 804.4
RE+4_3_22 3 249.417 933.339
RE+4_3_22 4 249.383 1261.32
RE+4_3_22 5 251.667 1450.31
RE+4_3_22 6 251.667 1689.27
RE+4_3_22 7 196.117 480.805
RE+4_3_22 8 249.4 1820.01
RE+4_2_08 10 241.517 863.719
