322625  -61885899187
RE+4_2_09 0 0 0 0 inf inf
RE+4_2_10 0 0 0 0 inf inf
RE+4_2_11 0 0 0 0 inf inf
RE+4_3_09 0 2 0 1 610458 30.9764
RE+4_3_10 0 1 0 0 615301 31.2221
RE+4_3_11 0 0 0 0 570185 28.9328
RE+4_2_12 0 1 0 1 419427 35.3508
RE+4_2_13 0 0 0 1 476236 40.1389
RE+4_2_14 0 1 0 0 444278 37.4453
RE+4_3_12 0 0 0 0 491306 24.9303
RE+4_3_13 0 0 0 0 5.5886e+06 283.582
RE+4_3_14 4 0 0 0 392303 19.9066
RE+4_2_15 0 1 0 0 321119 27.065
RE+4_2_16 0 0 0 0 333311 28.0926
RE+4_2_17 0 0 0 0 252193 21.2557
RE+4_3_15 0 0 0 0 320318 16.2539
RE+4_3_16 0 0 0 0 438969 22.2745
RE+4_3_17 0 0 0 0 353843 17.955
RE+4_2_18 0 0 0 0 299048 25.2048
RE+4_2_19 0 1 0 0 277820 23.4157
RE+4_2_20 0 0 0 0 288133 24.2849
RE+4_3_18 0 0 0 0 426062 21.6196
RE+4_3_19 0 0 0 0 400525 20.3238
RE+4_3_20 1 0 0 0 403309 20.4651
RE+4_2_21 0 0 0 0 346530 29.2068
RE+4_2_22 96 0 0 0 0 0
RE+4_2_23 2 5 0 0 180072 15.1771
RE+4_3_21 0 0 0 0 409123 20.7601
RE+4_3_22 16 0 0 7 935996 47.4951
RE+4_3_23 0 0 0 0 240128 12.1848
RE+4_2_24 96 0 0 0 0 0
RE+4_2_25 0 0 0 0 346364 29.1928
RE+4_2_26 0 0 0 0 293954 24.7754
RE+4_3_24 0 0 0 0 202141 10.2572
RE+4_3_25 0 0 0 0 197180 10.0055
RE+4_3_26 0 0 0 0 286744 14.5502
RE+3_2_09 0 0 0 0 199984 16.8554
RE+3_2_10 0 0 0 0 225743 19.0264
RE+3_2_11 0 0 0 0 217011 18.2905
RE+3_3_09 0 0 0 0 174143 8.83654
RE+3_3_10 0 0 0 0 207315 10.5198
RE+3_3_11 0 0 0 0 196636 9.97789
RE+3_2_12 0 1 0 0 160741 13.5478
RE+3_2_13 0 0 0 0 195805 16.5031
RE+3_2_14 0 0 0 0 233943 19.7176
RE+3_3_12 0 0 0 0 199105 10.1032
RE+3_3_13 0 0 0 0 171747 8.71492
RE+3_3_14 0 0 0 0 135677 6.88466
RE+3_2_15 0 0 0 0 204568 17.2417
RE+3_2_16 0 0 0 0 230734 19.447
RE+3_2_17 0 0 0 0 231749 19.5326
RE+3_3_15 0 0 0 0 158472 8.04132
RE+3_3_16 1 0 0 0 196529 9.97246
RE+3_3_17 0 0 0 0 172311 8.74356
RE+3_2_18 0 0 0 0 196143 16.5316
RE+3_2_19 0 0 0 0 215744 18.1837
RE+3_2_20 0 0 0 0 200832 16.9268
RE+3_3_18 0 1 0 0 109173 5.53975
RE+3_3_19 0 0 0 0 85236.3 4.32514
RE+3_3_20 0 0 0 0 119359 6.05661
RE+3_2_21 0 0 0 0 152537 12.8564
RE+3_2_22 0 3 0 0 179891 15.1619
RE+3_2_23 0 0 0 0 180980 15.2536
RE+3_3_21 0 0 0 0 68814.6 3.49185
RE+3_3_22 0 0 0 0 115320 5.85169
RE+3_3_23 0 0 0 0 106104 5.38402
RE+3_2_24 0 0 0 0 117739 9.92342
RE+3_2_25 0 0 0 0 158118 13.3267
RE+3_2_26 0 0 0 0 186292 15.7013
RE+3_3_24 0 0 0 0 58355.8 2.96114
RE+3_3_25 0 0 0 0 101926 5.17204
RE+3_3_26 0 0 0 0 103617 5.25783
