322625  -61885899187
W0_RB4_4+F 1 0 0 0 530394 28.6242
W0_RB4_4-F 0 0 0 0 404778 21.8449
W0_RB3_4F 1 1 42 0 9652.73 0.520935
W0_RB4_4+B 0 0 0 0 594817 34.3801
W0_RB4_4-B 0 0 0 0 412283 23.8297
W0_RB3_4B 0 0 42 0 12418.8 0.717798
W0_RB2in_4F 0 0 0 0 20803.5 0.984567
W0_RB2in_4C 0 0 0 0 21394 1.08647
W0_RB2in_4B 0 0 0 0 23717.2 1.24362
W0_RB2out_4F 0 0 0 0 21773.4 0.701245
W0_RB1out_4F 0 1 0 0 71052 2.75489
W0_RB1in_4F 0 0 0 0 59027.7 2.28868
W0_RB2out_4B 3 0 0 0 18757.6 0.647009
W0_RB1out_4B 1 1 0 0 65301.1 2.71168
W0_RB1in_4B 0 0 0 0 52259 2.1701
W0_RB4_5+F 0 0 0 0 601720 24.2731
W0_RB3_5F 0 0 0 0 16557.7 0.893582
W0_RB4_5+B 3 0 0 0 706971 30.5437
W0_RB3_5B 0 0 0 0 14731.9 0.851493
W0_RB2in_5F 0 43 1 6 116306 5.50439
W0_RB2in_5C 0 0 0 0 17119 0.869371
W0_RB2in_5B 0 0 0 0 11885.9 0.623236
W0_RB2out_5F 0 0 0 0 29247.7 0.941968
W0_RB1out_5F 1 0 0 0 67654 2.62314
W0_RB1in_5F 0 0 0 0 200348 7.76806
W0_RB2out_5B 0 0 0 0 34135.7 1.17745
W0_RB1out_5B 1 0 0 0 105259 4.37099
W0_RB1in_5B 1 0 0 0 70843.1 2.94182
W0_RB4_6+F 0 0 0 0 364902 14.72
W0_RB3_6F 1 0 0 0 10507.2 0.567051
W0_RB4_6+B 0 0 0 0 389603 16.8323
W0_RB3_6B 1 0 0 0 11569.9 0.668736
W0_RB2in_6F 2 0 0 0 29362.8 1.38965
W0_RB2in_6C 0 0 0 0 29908 1.51885
W0_RB2in_6B 0 0 0 0 25545.2 1.33947
W0_RB2out_6F 1 0 0 0 48583 1.56469
W0_RB1out_6F 1 0 0 0 69498.9 2.69468
W0_RB1in_6F 1 0 0 0 101259 3.92612
W0_RB2out_6B 2 0 0 0 40163.7 1.38538
W0_RB1out_6B 1 0 0 1 72416.3 3.00715
W0_RB1in_6B 0 0 0 0 74087.7 3.07655
W0_RB4_7+F 0 18 96 0 0 0
W0_RB3_7F 0 0 0 0 18548.5 1.00102
W0_RB4_7+B 0 0 96 0 0 0
W0_RB3_7B 0 0 0 0 13678.6 0.790615
W0_RB2in_7F 0 0 0 0 17527.4 0.829519
W0_RB2in_7C 0 0 0 0 14426 0.73261
W0_RB2in_7B 0 0 0 0 16815.9 0.881744
W0_RB2out_7F 1 1 0 0 27491.8 0.885416
W0_RB1out_7F 0 1 0 0 72452.4 2.80919
W0_RB1in_7F 0 0 0 0 52638.6 2.04095
W0_RB2out_7B 3 0 0 0 41394.5 1.42783
W0_RB1out_7B 0 0 0 0 62206.2 2.58316
W0_RB1in_7B 0 0 0 0 61938.8 2.57206
W0_RB4_8+F 0 0 0 0 151233 8.16168
W0_RB3_8F 7 1 1 0 14980.6 0.808469
W0_RB4_8+B 0 5 0 0 134249 7.7595
W0_RB3_8B 0 0 0 1 90711.9 5.2431
W0_RB2in_8F 0 0 0 0 38712.2 1.83213
W0_RB2in_8C 0 0 0 0 50219.9 2.55037
W0_RB2in_8B 0 0 0 0 24498.1 1.28456
W0_RB2out_8F 1 1 0 2 105627 3.40187
W0_RB1out_8F 0 0 0 0 72241.6 2.80102
W0_RB1in_8F 0 0 0 0 43587.8 1.69002
W0_RB2out_8B 0 0 0 0 27114.4 0.935264
W0_RB1out_8B 0 0 0 0 49482.1 2.05478
W0_RB1in_8B 0 0 0 0 37326.1 1.55
W0_RB4_9F 0 0 0 0 11061.2 0.446203
W0_RB3_9F 0 0 0 0 14252.6 0.769178
W0_RB4_9B 3 0 0 0 11941.6 0.515919
W0_RB3_9B 0 0 0 0 17184.8 0.99327
W0_RB2in_9F 0 1 0 0 24669.6 1.16754
W0_RB2in_9C 0 0 0 0 21564.3 1.09512
W0_RB2in_9B 0 0 0 0 19155.3 1.00441
W0_RB2out_9F 0 1 0 0 25963.5 0.836193
W0_RB1out_9F 8 0 0 0 66260.5 2.56911
W0_RB1in_9F 1 1 0 0 125500 4.86599
W0_RB2out_9B 0 1 0 0 23222 0.801002
W0_RB1out_9B 1 0 0 0 50934.4 2.11509
W0_RB1in_9B 0 0 0 0 126304 5.2449
