322625  -61885899187
W-1_RB4_4+F 62 0 10 0 0 0
W-1_RB4_4-F 1 0 0 0 429419 23.1748
W-1_RB3_4F 0 0 0 0 85600.8 4.61968
W-1_RB4_4+B 54 1 18 0 0 0
W-1_RB4_4-B 0 0 0 0 460113 26.5943
W-1_RB3_4B 0 0 0 0 74510.1 4.30665
W-1_RB2in_4F 0 0 0 0 48655.1 2.3027
W-1_RB2in_4C 0 0 0 0 20045 1.01797
W-1_RB2in_4B 1 0 0 0 14294.1 0.749513
W-1_RB2out_4F 1 18 69 0 0 0
W-1_RB1out_4F 0 0 0 0 111028 4.30489
W-1_RB1in_4F 2 0 0 0 322624 12.5091
W-1_RB2out_4B 0 15 74 0 0 0
W-1_RB1out_4B 0 0 0 0 482.487 0.0200357
W-1_RB1in_4B 1 0 0 0 182232 7.56735
W-1_RB4_5+F 0 16 83 0 0 0
W-1_RB3_5F 0 0 0 0 21597.1 1.16555
W-1_RB4_5+B 1 0 95 0 0 0
W-1_RB3_5B 1 0 0 0 21321.9 1.2324
W-1_RB2in_5F 0 1 0 0 36133.1 1.71007
W-1_RB2in_5C 0 0 0 0 22304.9 1.13274
W-1_RB2in_5B 0 0 0 0 14361.7 0.75306
W-1_RB2out_5F 0 0 0 0 48736.4 1.56963
W-1_RB1out_5F 0 0 0 0 191911 7.44093
W-1_RB1in_5F 0 0 0 0 224928 8.72112
W-1_RB2out_5B 0 0 0 0 29597 1.0209
W-1_RB1out_5B 0 0 0 0 127919 5.31195
W-1_RB1in_5B 0 0 0 0 128837 5.35008
W-1_RB4_6+F 0 19 0 29 3.27914e+06 132.279
W-1_RB3_6F 0 0 0 0 11122.9 0.60028
W-1_RB4_6+B 0 7 0 41 5.75872e+06 248.798
W-1_RB3_6B 1 1 1 0 8445.17 0.488126
W-1_RB2in_6F 0 0 0 0 65662.9 3.10762
W-1_RB2in_6C 0 0 0 0 70364.1 3.57338
W-1_RB2in_6B 8 0 0 0 40748 2.13662
W-1_RB2out_6F 0 0 0 0 41567.5 1.33874
W-1_RB1out_6F 0 0 0 0 238773 9.25791
W-1_RB1in_6F 0 0 0 0 256592 9.94881
W-1_RB2out_6B 0 1 0 0 33217.5 1.14578
W-1_RB1out_6B 1 0 0 0 103253 4.28766
W-1_RB1in_6B 0 0 0 0 149419 6.20473
W-1_RB4_7+F 0 69 72 0 0 0
W-1_RB3_7F 0 0 0 0 11080.7 0.598003
W-1_RB4_7+B 0 35 96 0 0 0
W-1_RB3_7B 0 0 0 0 13035.5 0.753443
W-1_RB2in_7F 0 0 0 0 31486.2 1.49015
W-1_RB2in_7C 0 0 0 0 19005.7 0.965186
W-1_RB2in_7B 1 0 0 0 11215.8 0.5881
W-1_RB2out_7F 84 0 0 0 16.0586 0.000517191
W-1_RB1out_7F 0 0 0 0 210907 8.17749
W-1_RB1in_7F 0 0 0 0 202883 7.86637
W-1_RB2out_7B 84 0 0 0 2.99819 0.000103417
W-1_RB1out_7B 0 0 0 0 136516 5.66896
W-1_RB1in_7B 0 0 0 0 125841 5.22566
W-1_RB4_8+F 1 4 81 0 0 0
W-1_RB3_8F 1 0 0 0 25208 1.36042
W-1_RB4_8+B 0 12 74 0 0 0
W-1_RB3_8B 0 0 0 0 14336.6 0.828649
W-1_RB2in_8F 0 1 0 0 42754 2.02342
W-1_RB2in_8C 0 0 0 0 38480.4 1.95419
W-1_RB2in_8B 1 0 0 0 29708.6 1.55777
W-1_RB2out_8F 0 0 0 0 76422.9 2.46132
W-1_RB1out_8F 0 1 0 0 194713 7.54961
W-1_RB1in_8F 0 0 0 0 273587 10.6078
W-1_RB2out_8B 0 4 0 0 35253.8 1.21602
W-1_RB1out_8B 0 0 0 0 160554 6.66715
W-1_RB1in_8B 8 1 0 0 140576 5.83751
W-1_RB4_9F 0 0 0 0 22345.5 0.901405
W-1_RB3_9F 0 10 9 0 11162 0.602388
W-1_RB4_9B 1 0 0 0 20712.6 0.894859
W-1_RB3_9B 1 0 0 0 13759.2 0.795272
W-1_RB2in_9F 0 0 0 0 44105.6 2.08738
W-1_RB2in_9C 1 3 0 0 32358.4 1.64329
W-1_RB2in_9B 0 0 0 0 18721 0.981639
W-1_RB2out_9F 0 0 0 0 45346.1 1.46044
W-1_RB1out_9F 0 0 0 0 282639 10.9587
W-1_RB1in_9F 0 0 0 0 290679 11.2705
W-1_RB2out_9B 0 1 0 0 24533.8 0.84625
W-1_RB1out_9B 0 0 0 0 169418 7.03524
W-1_RB1in_9B 0 0 0 0 151282 6.28211
