322625  -61885899187
W-2_RB4_1+F 0 5 44 0 231722 9.34757
W-2_RB3_1F 0 0 0 0 21521 1.16144
W-2_RB4_1+B 2 12 37 0 248636 10.742
W-2_RB3_1B 3 0 0 0 17320.9 1.00114
W-2_RB2out_1F 0 0 0 0 84338.4 3.99148
W-2_RB2out_1C 0 0 0 0 94987.2 4.82384
W-2_RB2out_1B 1 0 0 0 43060.4 2.25788
W-2_RB2in_1F 0 0 0 0 124529 4.01064
W-2_RB1out_1F 0 0 0 0 281931 10.9313
W-2_RB1in_1F 1 0 0 0 325295 12.6126
W-2_RB2in_1B 0 0 0 0 71876.1 2.47924
W-2_RB1out_1B 0 0 0 0 218509 9.07375
W-2_RB1in_1B 1 0 0 0 302927 12.5793
W-2_RB4_2+F 1 0 0 0 799122 32.2362
W-2_RB3_2F 0 3 40 0 9753.47 0.526373
W-2_RB4_2+B 1 0 0 0 617745 26.6888
W-2_RB3_2B 3 8 31 0 9804.98 0.566723
W-2_RB2out_2F 0 0 0 0 120948 5.72409
W-2_RB2out_2C 0 0 0 0 154003 7.82089
W-2_RB2out_2B 0 0 0 0 142628 7.47872
W-2_RB2in_2F 1 0 0 3 154621 4.97982
W-2_RB1out_2F 0 0 0 0 378101 14.6601
W-2_RB1in_2F 1 0 0 0 328203 12.7254
W-2_RB2in_2B 0 1 0 0 63713.2 2.19767
W-2_RB1out_2B 1 0 0 0 287119 11.9229
W-2_RB1in_2B 4 0 0 0 292286 12.1374
W-2_RB4_3+F 0 0 0 0 770117 31.0661
W-2_RB3_3F 1 0 41 0 13299.1 0.71772
W-2_RB4_3+B 0 0 0 18 1.68767e+06 72.9133
W-2_RB3_3B 0 10 52 0 5628.87 0.325346
W-2_RB2out_3F 1 0 0 0 85173.1 4.03098
W-2_RB2out_3C 0 0 0 0 110645 5.61903
W-2_RB2out_3B 0 0 0 0 51221 2.68578
W-2_RB2in_3F 1 7 0 0 119537 3.84986
W-2_RB1out_3F 0 0 0 0 345318 13.389
W-2_RB1in_3F 0 0 0 0 512823 19.8836
W-2_RB2in_3B 0 0 0 0 94823.4 3.27077
W-2_RB1out_3B 0 0 0 0 325770 13.5279
W-2_RB1in_3B 0 0 0 0 550640 22.8658
W-2_RB4_10+F 0 0 0 0 21925.5 0.706144
W-2_RB4_10-F 0 0 0 0 23123.6 0.744732
W-2_RB3_10F 0 0 0 0 14220.2 0.767431
W-2_RB4_10+B 0 0 0 0 9399.64 0.324224
W-2_RB4_10-B 0 0 0 0 15951.9 0.550234
W-2_RB3_10B 0 0 0 0 9352.38 0.540563
W-2_RB2out_10F 0 0 0 0 77729.9 3.67872
W-2_RB2out_10C 0 2 0 0 88212.7 4.4798
W-2_RB2out_10B 0 0 0 0 61794.2 3.24018
W-2_RB2in_10F 0 0 0 0 73768.2 2.37582
W-2_RB1out_10F 0 0 0 0 309410 11.9967
W-2_RB1in_10F 0 4 0 0 747865 28.9969
W-2_RB2in_10B 0 0 0 0 66566.1 2.29608
W-2_RB1out_10B 0 4 0 0 232997 9.67538
W-2_RB1in_10B 0 0 0 0 324829 13.4888
W-2_RB4_11F 0 0 0 0 33833.9 1.36484
W-2_RB3_11F 1 0 0 0 20233.2 1.09194
W-2_RB4_11B 0 0 0 0 15836.9 0.684213
W-2_RB3_11B 1 0 0 0 19811.7 1.14511
W-2_RB2out_11F 1 0 0 0 76245.7 3.60848
W-2_RB2out_11C 0 0 0 0 109624 5.56714
W-2_RB2out_11B 0 0 0 0 45568.2 2.38937
W-2_RB2in_11F 0 0 0 0 142548 4.59096
W-2_RB1out_11F 0 0 0 0 365683 14.1786
W-2_RB1in_11F 0 0 0 0 434321 16.8399
W-2_RB2in_11B 1 0 0 0 110309 3.80491
W-2_RB1out_11B 7 0 0 0 310327 12.8866
W-2_RB1in_11B 11 14 0 0 334037 13.8711
W-2_RB4_12+F 0 0 0 0 313764 12.6571
W-2_RB3_12F 1 1 41 0 28741.7 1.55112
W-2_RB4_12+B 0 0 0 0 378117 16.336
W-2_RB3_12B 0 0 42 0 20198.1 1.16744
W-2_RB2out_12F 0 0 0 0 87081.4 4.1213
W-2_RB2out_12C 0 0 0 0 102956 5.22851
W-2_RB2out_12B 0 0 0 0 48310.1 2.53314
W-2_RB2in_12F 0 1 0 0 161234 5.19279
W-2_RB1out_12F 0 0 2 0 268942 10.4277
W-2_RB1in_12F 0 0 0 0 558826 21.6673
W-2_RB2in_12B 0 0 0 0 111648 3.85108
W-2_RB1out_12B 0 0 1 0 260932 10.8354
W-2_RB1in_12B 0 0 0 0 411220 17.0762
