322625  -61885899187
W-1_RB4_1+F 42 0 0 0 636420 25.6729
W-1_RB3_1F 1 13 70 0 0 0
W-1_RB4_1+B 46 0 1 1 598620 25.8626
W-1_RB3_1B 0 5 79 0 0 0
W-1_RB2in_1F 0 0 0 0 36326.1 1.7192
W-1_RB2in_1C 0 1 0 1 55320.8 2.80942
W-1_RB2in_1B 0 0 0 0 15899.2 0.833677
W-1_RB2out_1F 0 0 0 0 49380.2 1.59037
W-1_RB1out_1F 0 0 0 0 170193 6.59889
W-1_RB1in_1F 1 0 0 0 230053 8.91981
W-1_RB2out_1B 0 4 0 0 40420.3 1.39423
W-1_RB1out_1B 0 0 0 0 111239 4.61928
W-1_RB1in_1B 0 0 0 0 119426 4.95926
W-1_RB4_2+F 1 33 88 0 0 0
W-1_RB3_2F 0 0 0 0 19556.9 1.05544
W-1_RB4_2+B 1 3 94 0 0 0
W-1_RB3_2B 0 0 0 0 20480 1.18373
W-1_RB2in_2F 0 0 0 0 74497.6 3.52575
W-1_RB2in_2C 0 0 0 0 73102 3.71242
W-1_RB2in_2B 0 1 0 0 35945.3 1.88479
W-1_RB2out_2F 1 0 0 0 40466.5 1.30329
W-1_RB1out_2F 0 0 0 0 252804 9.80194
W-1_RB1in_2F 0 0 0 0 266689 10.3403
W-1_RB2out_2B 0 1 0 0 23992 0.827563
W-1_RB1out_2B 0 1 0 0 279976 11.6262
W-1_RB1in_2B 1 0 0 0 219933 9.13291
W-1_RB4_3+F 0 0 0 0 512440 24.4852
W-1_RB3_3F 0 0 0 0 19926 1.27375
W-1_RB4_3+B 0 0 0 0 602987 31.2668
W-1_RB3_3B 1 0 0 0 18626.2 1.29213
W-1_RB2in_3F 0 0 0 0 61522.8 3.77589
W-1_RB2in_3C 0 0 0 0 93168.3 4.73147
W-1_RB2in_3B 0 0 0 0 31961.7 2.24526
W-1_RB2out_3F 0 0 0 0 42671.4 1.62783
W-1_RB1out_3F 1 0 0 0 239564 11.0022
W-1_RB1in_3F 1 0 0 0 224758 10.3222
W-1_RB2out_3B 0 4 0 0 30437.4 1.26008
W-1_RB1out_3B 2 0 0 0 129477 6.45309
W-1_RB1in_3B 3 0 0 0 147701 7.36135
W-1_RB4_10+F 0 0 0 0 17858.7 0.575168
W-1_RB4_10-F 0 1 0 0 10379.2 0.334277
W-1_RB3_10F 0 0 0 0 14398.2 0.777039
W-1_RB4_10+B 2 0 0 0 17140.1 0.591219
W-1_RB4_10-B 4 0 0 0 11889.3 0.410102
W-1_RB3_10B 1 0 0 0 15849.3 0.916081
W-1_RB2in_10F 0 0 0 0 24467.7 1.15798
W-1_RB2in_10C 0 0 0 0 19340.3 0.982178
W-1_RB2in_10B 0 0 0 0 18129.1 0.950599
W-1_RB2out_10F 0 0 0 0 60817.5 1.95872
W-1_RB1out_10F 0 0 0 0 177561 6.88457
W-1_RB1in_10F 0 0 0 0 276800 10.7324
W-1_RB2out_10B 0 0 0 0 48990.9 1.68985
W-1_RB1out_10B 0 0 0 0 101449 4.21274
W-1_RB1in_10B 0 0 0 0 184902 7.67822
W-1_RB4_11F 0 0 0 0 12436.8 0.501693
W-1_RB3_11F 0 8 37 6 247256 13.3439
W-1_RB4_11B 0 0 0 0 15560 0.672249
W-1_RB3_11B 8 24 30 3 179346 10.3661
W-1_RB2in_11F 0 0 0 0 39410.4 1.86518
W-1_RB2in_11C 0 0 0 0 37814.2 1.92036
W-1_RB2in_11B 0 0 0 0 15958.4 0.836779
W-1_RB2out_11F 0 0 0 0 58876.2 1.8962
W-1_RB1out_11F 0 0 0 0 213171 8.26526
W-1_RB1in_11F 0 0 0 0 287127 11.1328
W-1_RB2out_11B 0 0 0 0 35724.8 1.23226
W-1_RB1out_11B 0 0 0 0 142580 5.92077
W-1_RB1in_11B 0 0 0 0 200431 8.32304
W-1_RB4_12+F 0 0 0 0 166281 6.7077
W-1_RB3_12F 0 0 42 0 7308.52 0.394424
W-1_RB4_12+B 0 0 0 0 129523 5.59586
W-1_RB3_12B 0 0 42 0 6035.57 0.348853
W-1_RB2in_12F 0 0 0 0 46712.6 2.21076
W-1_RB2in_12C 0 0 0 0 43107.1 2.18916
W-1_RB2in_12B 1 0 0 0 28015.3 1.46898
W-1_RB2out_12F 0 0 0 0 34115.2 1.09873
W-1_RB1out_12F 7 0 0 0 135616 5.25824
W-1_RB1in_12F 0 0 0 0 248896 9.65042
W-1_RB2out_12B 0 0 0 0 22881.6 0.789261
W-1_RB1out_12B 0 0 0 0 91039.5 3.78049
W-1_RB1in_12B 0 0 0 0 153182 6.361
