322625  -61885899187
RE-1_2_36 0 0 0 0 109952 9.34401
RE-1_2_01 0 0 0 0 94567.9 8.0366
RE-1_2_02 0 0 0 0 117857 10.0157
RE-1_3_36 0 0 0 0 31733.2 1.77213
RE-1_3_01 0 0 0 1 53453.6 2.9851
RE-1_3_02 0 0 0 0 46999.3 2.62466
RE-2_2_02 0 1 0 0 194726 16.4122
RE-2_2_03 0 1 0 0 216939 18.2844
RE-2_2_04 0 0 0 0 126372 10.6511
RE-2_3_02 0 0 0 0 92366.8 4.68696
RE-2_3_03 0 0 0 0 90339.5 4.58409
RE-2_3_04 0 0 0 0 113321 5.75023
RE-1_2_03 0 0 0 0 91032.2 7.73613
RE-1_2_04 0 0 0 0 121707 10.3429
RE-1_2_05 0 0 0 0 79917.9 6.79161
RE-1_3_03 0 0 0 0 31331.2 1.74968
RE-1_3_04 0 5 0 2 97139.9 5.42474
RE-1_3_05 0 0 0 0 32490.2 1.8144
RE-2_2_05 0 0 0 0 191507 16.1409
RE-2_2_06 0 2 0 0 153240 12.9156
RE-2_2_07 0 0 0 0 189002 15.9298
RE-2_3_05 0 0 0 0 110208 5.59226
RE-2_3_06 0 1 0 0 96155 4.87918
RE-2_3_07 0 2 0 0 98589.4 5.00271
RE-1_2_06 0 0 0 0 116589 9.90797
RE-1_2_07 0 0 0 0 80505 6.8415
RE-1_2_08 0 0 0 0 119078 10.1195
RE-1_3_06 0 0 0 0 35955.5 2.00792
RE-1_3_07 0 0 0 0 34972.2 1.95301
RE-1_3_08 0 0 0 0 36741.6 2.05182
RE-2_2_08 0 1 0 0 198884 16.7627
RE-2_2_09 0 0 0 0 231402 19.5033
RE-2_2_10 0 1 0 0 211494 17.8254
RE-2_3_08 0 0 0 0 70611.2 3.58301
RE-2_3_09 0 0 0 0 97484.2 4.94663
RE-2_3_10 0 0 0 0 107958 5.47811
RE-1_2_27 0 0 0 0 82432 7.00527
RE-1_2_28 0 1 0 0 70897.1 6.02501
RE-1_2_29 1 0 0 1 132039 11.221
RE-1_3_27 0 0 0 0 18572.4 1.03717
RE-1_3_28 0 0 0 0 14430.2 0.80585
RE-1_3_29 0 0 0 0 18368 1.02575
RE-2_2_29 0 0 0 0 228803 19.2843
RE-2_2_30 0 1 0 0 184501 15.5504
RE-2_2_31 0 2 0 0 217934 18.3683
RE-2_3_29 0 0 0 0 55648.2 2.82375
RE-2_3_30 0 1 0 0 68251.3 3.46327
RE-2_3_31 0 1 0 0 74470.7 3.77886
RE-1_2_30 0 0 0 0 129008 10.9634
RE-1_2_31 0 2 0 0 44906.2 3.81623
RE-1_2_32 0 2 0 0 89945.8 7.64381
RE-1_3_30 0 0 0 0 32665.9 1.82422
RE-1_3_31 1 0 0 0 23505 1.31262
RE-1_3_32 8 0 0 0 21571.6 1.20465
RE-2_2_32 4 0 0 0 167449 14.1132
RE-2_2_33 0 0 0 0 180568 15.2189
RE-2_2_34 1 2 0 0 163103 13.7469
RE-2_3_32 4 0 0 0 58737.7 2.98052
RE-2_3_33 4 0 0 0 71270.5 3.61647
RE-2_3_34 0 0 0 0 102464 5.19934
RE-1_2_33 0 2 0 0 84963.4 7.22039
RE-1_2_34 0 0 0 0 133964 11.3846
RE-1_2_35 0 3 0 0 80091.9 6.8064
RE-1_3_33 0 2 0 3 103904 5.80248
RE-1_3_34 0 0 0 0 20080.8 1.1214
RE-1_3_35 0 0 0 0 25610.2 1.43019
RE-2_2_35 0 1 0 0 191162 16.1118
RE-2_2_36 0 2 0 0 157482 13.2732
RE-2_2_01 0 1 0 0 212275 17.8913
RE-2_3_35 0 1 0 0 112730 5.72023
RE-2_3_36 0 1 0 0 70867 3.59599
RE-2_3_01 0 2 0 0 95651.3 4.85362
