322625  -61885899187
RE-1_2_09 0 0 0 0 85802.1 7.29167
RE-1_2_10 0 0 0 0 117449 9.98111
RE-1_2_11 0 0 0 0 82448.9 7.0067
RE-1_3_09 0 0 0 0 46393.8 2.59084
RE-1_3_10 10 24 0 0 26072.7 1.45602
RE-1_3_11 0 0 0 0 27611.4 1.54195
RE-2_2_11 0 0 0 0 179935 15.1655
RE-2_2_12 0 0 0 0 164644 13.8768
RE-2_2_13 0 1 0 0 193125 16.2772
RE-2_3_11 0 0 0 0 94465.9 4.79347
RE-2_3_12 0 0 0 0 74480.1 3.77934
RE-2_3_13 1 1 0 0 81858.8 4.15375
RE-1_2_12 2 0 0 0 118139 10.0398
RE-1_2_13 0 0 0 0 80095.6 6.80671
RE-1_2_14 0 0 0 0 127521 10.837
RE-1_3_12 0 0 0 0 31506.4 1.75946
RE-1_3_13 0 0 0 0 35848.4 2.00194
RE-1_3_14 0 0 0 0 39286.6 2.19394
RE-2_2_14 0 1 0 0 215691 18.1792
RE-2_2_15 0 2 0 0 169791 14.3106
RE-2_2_16 0 1 0 0 199118 16.7823
RE-2_3_14 0 0 0 0 57928.9 2.93948
RE-2_3_15 0 0 0 0 72177 3.66247
RE-2_3_16 0 0 0 0 70861.4 3.59571
RE-1_2_15 0 0 0 0 100108 8.50738
RE-1_2_16 0 0 0 0 124016 10.5392
RE-1_2_17 0 0 0 0 83548.6 7.10015
RE-1_3_15 0 0 0 0 32520.8 1.81611
RE-1_3_16 0 0 0 2 62052.2 3.46528
RE-1_3_17 0 0 0 0 30256 1.68963
RE-2_2_17 0 0 0 0 194405 16.3851
RE-2_2_18 0 0 0 0 185003 15.5927
RE-2_2_19 0 1 0 0 204973 17.2759
RE-2_3_17 0 0 0 0 104774 5.31656
RE-2_3_18 0 1 0 0 71956.5 3.65128
RE-2_3_19 0 0 0 0 89288.7 4.53077
RE-1_2_18 0 0 0 0 106418 9.04368
RE-1_2_19 0 0 0 0 100987 8.58208
RE-1_2_20 0 0 0 0 95610.9 8.12524
RE-1_3_18 0 0 0 1 45638.6 2.54867
RE-1_3_19 0 0 0 0 32463.3 1.8129
RE-1_3_20 0 0 0 0 60943.7 3.40338
RE-2_2_20 1 0 0 0 197541 16.6495
RE-2_2_21 0 1 0 0 198263 16.7103
RE-2_2_22 0 1 0 0 202539 17.0707
RE-2_3_20 0 0 0 0 95159.1 4.82865
RE-2_3_21 0 0 0 0 88764.5 4.50417
RE-2_3_22 0 0 0 0 60451 3.06746
RE-1_2_21 0 0 0 0 89585.5 7.61318
RE-1_2_22 0 0 0 0 108700 9.23759
RE-1_2_23 0 0 0 0 76212.9 6.47675
RE-1_3_21 1 0 0 2 58455.8 3.26444
RE-1_3_22 0 0 0 0 28583.6 1.59624
RE-1_3_23 0 0 0 0 25610.9 1.43023
RE-2_2_23 1 1 0 0 173411 14.6157
RE-2_2_24 0 0 0 0 199046 16.7763
RE-2_2_25 0 1 0 0 200937 16.9356
RE-2_3_23 0 1 0 0 82462.3 4.18438
RE-2_3_24 0 0 0 0 65467 3.32199
RE-2_3_25 0 0 0 0 61496.1 3.12049
RE-1_2_24 0 0 0 0 96603.7 8.20961
RE-1_2_25 1 0 0 0 81761.3 6.94826
RE-1_2_26 1 0 0 0 97622.2 8.29616
RE-1_3_24 0 0 0 0 28935.7 1.6159
RE-1_3_25 0 0 0 0 24609.5 1.37431
RE-1_3_26 0 0 0 0 27377.3 1.52887
RE-2_2_26 0 1 0 0 204277 17.2171
RE-2_2_27 0 0 0 0 189032 15.9322
RE-2_2_28 2 0 0 0 203483 17.1503
RE-2_3_26 0 0 0 0 72757.6 3.69193
RE-2_3_27 0 0 0 0 27478.4 1.39434
RE-2_3_28 0 0 0 0 48253.9 2.44855
