322625  -61885899187
RE-4_2_33 0 1 0 0 267066 22.5092
RE-4_2_34 0 2 0 0 266604 22.4703
RE-4_2_35 0 1 0 1 329909 27.8059
RE-4_3_33 0 0 0 0 281623 14.2904
RE-4_3_34 0 0 0 0 379151 19.2392
RE-4_3_35 1 1 0 0 347488 17.6325
RE-4_2_36 0 2 0 0 281619 23.7358
RE-4_2_01 0 1 0 0 309143 26.0556
RE-4_2_02 0 1 0 0 328316 27.6717
RE-4_3_36 0 1 0 0 381978 19.3827
RE-4_3_01 2 1 0 0 387510 19.6634
RE-4_3_02 0 0 0 0 392840 19.9339
RE-4_2_03 0 1 0 0 292318 24.6375
RE-4_2_04 0 1 0 0 338538 28.5331
RE-4_2_05 0 2 0 0 314296 26.49
RE-4_3_03 1 0 0 0 397787 20.1849
RE-4_3_04 0 0 0 0 380344 19.2998
RE-4_3_05 0 1 0 0 355022 18.0149
RE-4_2_06 0 1 0 1 336159 28.3326
RE-4_2_07 0 0 0 0 374844 31.5931
RE-4_2_08 0 1 0 0 360916 30.4193
RE-4_3_06 0 1 0 0 376440 19.1016
RE-4_3_07 0 0 0 0 472691 23.9857
RE-4_3_08 0 0 0 0 326698 16.5776
RE-4_2_27 0 0 0 0 287329 24.2171
RE-4_2_28 0 1 0 0 346402 29.196
RE-4_2_29 0 2 0 0 305499 25.7485
RE-4_3_27 0 0 0 0 337895 17.1458
RE-4_3_28 0 0 0 0 369786 18.764
RE-4_3_29 0 0 0 0 324909 16.4868
RE-4_2_30 0 6 0 0 -nan -nan
RE-4_2_31 0 2 0 0 265787 22.4014
RE-4_2_32 0 1 0 0 265332 22.3631
RE-4_3_30 0 3 0 0 265859 13.4905
RE-4_3_31 0 2 0 0 207560 10.5322
RE-4_3_32 0 1 0 0 233723 11.8598
RE-3_2_33 0 1 0 0 183080 15.4306
RE-3_2_34 0 0 0 0 181116 15.2651
RE-3_2_35 0 0 0 0 154546 13.0257
RE-3_3_33 0 0 0 0 101660 5.15851
RE-3_3_34 0 0 0 0 98016.3 4.97363
RE-3_3_35 0 0 0 0 116738 5.92364
RE-3_2_36 0 0 0 0 155079 13.0706
RE-3_2_01 1 0 0 0 164159 13.8359
RE-3_2_02 1 0 0 0 189260 15.9515
RE-3_3_36 0 0 0 0 118846 6.03058
RE-3_3_01 0 0 0 0 102131 5.18243
RE-3_3_02 0 0 0 0 127809 6.4854
RE-3_2_03 0 1 0 0 177070 14.9241
RE-3_2_04 0 1 0 0 162341 13.6827
RE-3_2_05 0 0 0 0 320287 26.9949
RE-3_3_03 0 0 0 0 127264 6.45772
RE-3_3_04 0 1 0 0 122675 6.2249
RE-3_3_05 1 0 0 0 119489 6.06321
RE-3_2_06 0 0 0 0 184872 15.5816
RE-3_2_07 0 1 0 0 154226 12.9987
RE-3_2_08 0 0 0 0 227669 19.1887
RE-3_3_06 0 1 0 0 159263 8.08148
RE-3_3_07 0 0 0 0 82728.9 4.1979
RE-3_3_08 0 0 0 0 124999 6.34282
RE-3_2_27 0 0 0 0 151659 12.7823
RE-3_2_28 1 0 0 1 193365 16.2975
RE-3_2_29 0 1 0 0 137149 11.5594
RE-3_3_27 0 0 0 0 80321.6 4.07575
RE-3_3_28 0 0 0 0 44805 2.27354
RE-3_3_29 0 0 0 0 73850.2 3.74738
RE-3_2_30 1 0 0 0 92369.9 7.78526
RE-3_2_31 0 0 0 0 194868 16.4242
RE-3_2_32 1 1 0 0 175961 14.8306
RE-3_3_30 0 1 0 0 95616 4.85183
RE-3_3_31 0 0 0 0 67688.2 3.4347
RE-3_3_32 0 2 0 0 59979.1 3.04351
