322625  -61885899187
W-2_RB4_4+F 0 0 0 0 216680 11.6937
W-2_RB4_4-F 0 7 31 0 118546 6.39767
W-2_RB3_4F 3 0 0 1 179811 9.70399
W-2_RB4_4+B 0 0 0 0 228166 13.1879
W-2_RB4_4-B 0 0 36 0 99765.5 5.76639
W-2_RB3_4B 0 0 0 0 23263.6 1.34462
W-2_RB2out_4F 0 0 0 0 81735.4 3.86829
W-2_RB2out_4C 0 0 0 0 72615 3.68769
W-2_RB2out_4B 8 0 0 0 61492.9 3.22439
W-2_RB2in_4F 0 0 0 0 109093 3.5135
W-2_RB1out_4F 1 0 0 0 386095 14.97
W-2_RB1in_4F 0 0 0 0 427736 16.5846
W-2_RB2in_4B 0 0 0 0 90131 3.10891
W-2_RB1out_4B 1 6 0 2 486132 20.187
W-2_RB1in_4B 0 0 0 0 362065 15.0351
W-2_RB4_5+F 0 39 27 38 3.11093e+06 125.494
W-2_RB3_5F 0 0 0 0 33491 1.80743
W-2_RB4_5+B 0 13 39 44 4.72804e+06 204.268
W-2_RB3_5B 2 0 0 0 26579.5 1.53628
W-2_RB2out_5F 0 0 0 0 135586 6.4169
W-2_RB2out_5C 0 0 0 0 142140 7.21846
W-2_RB2out_5B 1 0 0 0 89081.7 4.67101
W-2_RB2in_5F 0 0 0 0 147478 4.74976
W-2_RB1out_5F 1 0 0 0 287148 11.1335
W-2_RB1in_5F 0 0 0 0 442338 17.1507
W-2_RB2in_5B 0 0 0 0 131388 4.53199
W-2_RB1out_5B 2 0 0 0 268335 11.1428
W-2_RB1in_5B 4 0 0 0 391629 16.2627
W-2_RB4_6+F 0 0 0 0 603112 24.3292
W-2_RB3_6F 0 0 0 0 24443.6 1.31916
W-2_RB4_6+B 0 0 0 0 582266 25.156
W-2_RB3_6B 1 1 0 0 15917.5 0.92002
W-2_RB2out_6F 0 0 0 0 77644 3.67466
W-2_RB2out_6C 0 0 0 0 102753 5.2182
W-2_RB2out_6B 0 0 0 0 59638.9 3.12717
W-2_RB2in_6F 0 0 0 0 131889 4.2477
W-2_RB1out_6F 0 0 0 0 429161 16.6398
W-2_RB1in_6F 0 0 0 0 374587 14.5238
W-2_RB2in_6B 0 0 0 0 118709 4.09466
W-2_RB1out_6B 0 0 0 0 324594 13.479
W-2_RB1in_6B 0 0 0 0 358129 14.8716
W-2_RB4_7+F 0 9 48 0 201987 8.14804
W-2_RB3_7F 3 0 0 0 34064.5 1.83838
W-2_RB4_7+B 0 6 48 0 146634 6.33512
W-2_RB3_7B 0 1 1 0 29229.5 1.68945
W-2_RB2out_7F 0 0 0 0 61685.6 2.91939
W-2_RB2out_7C 1 0 0 0 65568.9 3.32986
W-2_RB2out_7B 0 0 0 0 36136.2 1.89481
W-2_RB2in_7F 7 0 0 0 84904.2 2.73447
W-2_RB1out_7F 0 0 1 0 301170 11.6773
W-2_RB1in_7F 1 0 0 0 406412 15.7578
W-2_RB2in_7B 0 0 0 0 96154.6 3.31668
W-2_RB1out_7B 0 0 0 0 244906 10.1699
W-2_RB1in_7B 0 0 0 0 414072 17.1947
W-2_RB4_8+F 0 29 15 0 87851.2 4.74113
W-2_RB3_8F 0 0 0 0 20118.9 1.08577
W-2_RB4_8+B 0 33 16 1 97432.5 5.63155
W-2_RB3_8B 0 0 0 0 16579.1 0.958261
W-2_RB2out_8F 0 0 0 0 118280 5.59785
W-2_RB2out_8C 1 0 0 0 198860 10.0989
W-2_RB2out_8B 0 0 0 0 68282.9 3.58042
W-2_RB2in_8F 0 0 0 0 155682 5.01398
W-2_RB1out_8F 0 0 0 0 188953 7.32628
W-2_RB1in_8F 1 0 0 0 281979 10.9331
W-2_RB2in_8B 0 0 0 0 141728 4.88864
W-2_RB1out_8B 0 0 0 0 182217 7.56671
W-2_RB1in_8B 0 0 0 0 292901 12.163
W-2_RB4_9F 1 0 0 0 38663.4 1.55966
W-2_RB3_9F 0 0 0 0 20834.9 1.12441
W-2_RB4_9B 1 0 0 0 29240.9 1.26331
W-2_RB3_9B 1 0 0 0 11981.6 0.692528
W-2_RB2out_9F 0 0 0 0 44626.5 2.11204
W-2_RB2out_9C 0 0 0 0 48972.9 2.48704
W-2_RB2out_9B 1 0 0 0 39276.6 2.05947
W-2_RB2in_9F 0 0 0 0 162745 5.24144
W-2_RB1out_9F 0 0 0 0 323191 12.5311
W-2_RB1in_9F 1 0 0 0 326394 12.6553
W-2_RB2in_9B 0 0 0 0 130645 4.50636
W-2_RB1out_9B 1 0 0 0 253324 10.5195
W-2_RB1in_9B 0 0 0 1 494199 20.522
