322625  -61885899187
W+1_RB4_1+F 3 0 0 0 422138 17.0288
W+1_RB3_1F 1 0 0 1 129687 6.9989
W+1_RB4_1+B 1 0 0 0 580634 25.0855
W+1_RB3_1B 0 0 0 0 13532.6 0.782177
W+1_RB2in_1F 0 0 0 0 109670 5.19033
W+1_RB2in_1C 0 0 0 0 201266 10.2211
W+1_RB2in_1B 0 0 0 0 19193.9 1.00643
W+1_RB2out_1F 0 0 0 0 49900.4 1.60712
W+1_RB1out_1F 2 0 0 0 151926 5.89061
W+1_RB1in_1F 0 1 0 0 147245 5.70911
W+1_RB2out_1B 2 0 0 0 32887.3 1.13439
W+1_RB1out_1B 3 12 11 0 104729 4.34896
W+1_RB1in_1B 1 16 0 0 89587.2 3.72018
W+1_RB4_2+F 1 0 0 0 523945 21.1357
W+1_RB3_2F 0 0 0 0 35645.9 1.92373
W+1_RB4_2+B 0 0 0 0 554979 23.9771
W+1_RB3_2B 0 0 0 0 47082.8 2.72136
W+1_RB2in_2F 1 0 0 0 47854.3 2.2648
W+1_RB2in_2C 0 0 0 0 39291.7 1.99539
W+1_RB2in_2B 0 4 0 0 24368.1 1.27774
W+1_RB2out_2F 0 0 0 0 65191.8 2.0996
W+1_RB1out_2F 0 0 0 0 226501 8.78209
W+1_RB1in_2F 0 0 0 0 368182 14.2755
W+1_RB2out_2B 2 0 0 0 73614.1 2.53919
W+1_RB1out_2B 1 0 0 0 119283 4.95332
W+1_RB1in_2B 0 0 0 0 204267 8.48236
W+1_RB4_3+F 1 0 0 0 917636 37.017
W+1_RB3_3F 0 0 0 0 25444.9 1.3732
W+1_RB4_3+B 1 1 0 0 882738 38.1375
W+1_RB3_3B 0 0 0 0 24118.2 1.39402
W+1_RB2in_3F 0 0 0 0 74720.4 3.53629
W+1_RB2in_3C 0 1 0 0 92751.9 4.71032
W+1_RB2in_3B 0 0 0 0 59435.1 3.11648
W+1_RB2out_3F 0 0 0 0 66532 2.14277
W+1_RB1out_3F 0 0 0 0 91614.7 3.55217
W+1_RB1in_3F 0 0 0 0 228299 8.85182
W+1_RB2out_3B 0 0 0 0 24416 0.842188
W+1_RB1out_3B 0 0 0 0 45216.8 1.87766
W+1_RB1in_3B 2 0 0 0 114440 4.75222
W+1_RB4_10-F 0 5 5 0 15173.2 0.488677
W+1_RB4_10+F 0 1 0 0 8176.35 0.263332
W+1_RB3_10F 0 0 0 0 13287.7 0.717107
W+1_RB4_10-B 0 2 0 0 16452.3 0.567492
W+1_RB4_10+B 0 0 0 0 6841.36 0.23598
W+1_RB3_10B 1 0 0 0 12724.2 0.73545
W+1_RB2in_10F 0 0 0 0 37262.4 1.76352
W+1_RB2in_10C 0 0 0 0 29345 1.49026
W+1_RB2in_10B 0 0 0 0 22909.7 1.20127
W+1_RB2out_10F 0 0 0 0 55453.5 1.78596
W+1_RB1out_10F 0 0 0 1 281068 10.8978
W+1_RB1in_10F 0 0 0 0 167504 6.49463
W+1_RB2out_10B 0 0 0 0 41301.9 1.42463
W+1_RB1out_10B 0 0 0 0 154397 6.41148
W+1_RB1in_10B 0 0 0 0 107285 4.4551
W+1_RB4_11F 0 0 0 0 15106.4 0.609384
W+1_RB3_11F 1 1 0 0 17283.2 0.932737
W+1_RB4_11B 0 0 0 0 12426.7 0.536878
W+1_RB3_11B 0 0 0 0 14084.9 0.814102
W+1_RB2in_11F 0 0 0 0 32238.3 1.52574
W+1_RB2in_11C 0 1 0 0 24882.5 1.26364
W+1_RB2in_11B 0 0 0 0 14192.2 0.744168
W+1_RB2out_11F 0 0 0 0 58483.5 1.88355
W+1_RB1out_11F 0 0 0 0 243712 9.44942
W+1_RB1in_11F 0 0 0 0 306171 11.8712
W+1_RB2out_11B 0 1 0 0 42910.1 1.48011
W+1_RB1out_11B 12 0 0 1 192228 7.98243
W+1_RB1in_11B 0 0 0 0 200685 8.33359
W+1_RB4_12+F 0 0 0 0 223291 9.00744
W+1_RB3_12F 0 0 0 0 21621.3 1.16685
W+1_RB4_12+B 1 0 0 0 185490 8.01384
W+1_RB3_12B 1 0 0 0 16412 0.948606
W+1_RB2in_12F 0 0 0 0 104060 4.92483
W+1_RB2in_12C 0 0 0 0 101946 5.17726
W+1_RB2in_12B 0 0 0 0 111706 5.85733
W+1_RB2out_12F 0 0 0 0 119127 3.83667
W+1_RB1out_12F 0 0 0 0 174007 6.74677
W+1_RB1in_12F 0 0 0 0 268656 10.4166
W+1_RB2out_12B 0 0 0 0 137612 4.74669
W+1_RB1out_12B 0 0 0 0 91659.4 3.80623
W+1_RB1in_12B 3 13 0 0 131184 5.44753
