322625  -61885899187
W+2_RB4_4-F 0 0 0 0 297037 16.0304
W+2_RB4_4+F 0 0 0 0 290223 15.6627
W+2_RB3_4F 0 0 0 0 38631.9 2.08487
W+2_RB4_4-B 0 0 0 0 258306 14.9299
W+2_RB4_4+B 0 0 0 0 224436 12.9723
W+2_RB3_4B 0 0 0 0 19167.4 1.10786
W+2_RB2out_4F 0 0 0 0 61164.8 2.89474
W+2_RB2out_4C 0 0 0 0 59661.1 3.02984
W+2_RB2out_4B 0 0 0 0 44316.2 2.32373
W+2_RB2in_4F 0 0 0 0 111794 3.60051
W+2_RB1out_4F 1 0 0 0 303635 11.7728
W+2_RB1in_4F 0 0 0 0 415365 16.1049
W+2_RB2in_4B 0 0 0 0 91915.8 3.17047
W+2_RB1out_4B 0 0 0 0 338756 14.0671
W+2_RB1in_4B 0 0 0 0 397229 16.4953
W+2_RB4_5+F 0 0 0 0 1.07086e+06 43.1979
W+2_RB3_5F 0 0 0 0 38849.8 2.09663
W+2_RB4_5+B 0 1 0 0 957025 41.3469
W+2_RB3_5B 0 0 0 0 27348 1.5807
W+2_RB2out_5F 0 1 0 0 111984 5.29988
W+2_RB2out_5C 0 0 0 0 99508.9 5.05347
W+2_RB2out_5B 1 0 0 0 69437.8 3.64097
W+2_RB2in_5F 0 0 0 0 119774 3.8575
W+2_RB1out_5F 0 0 0 0 464291 18.0019
W+2_RB1in_5F 0 0 0 0 426796 16.5481
W+2_RB2in_5B 0 0 0 1 -nan -nan
W+2_RB1out_5B 4 0 0 0 360849 14.9845
W+2_RB1in_5B 0 0 0 0 450815 18.7205
W+2_RB4_6+F 0 0 0 0 704188 28.4066
W+2_RB3_6F 0 0 0 0 31173.9 1.68238
W+2_RB4_6+B 0 0 0 0 812912 35.1207
W+2_RB3_6B 0 0 0 0 23727.5 1.37143
W+2_RB2out_6F 8 0 0 0 76415.8 3.61653
W+2_RB2out_6C 0 0 0 0 91380.5 4.64068
W+2_RB2out_6B 0 0 0 0 92705.7 4.86103
W+2_RB2in_6F 0 0 0 0 103977 3.34875
W+2_RB1out_6F 0 0 0 0 319583 12.3912
W+2_RB1in_6F 0 0 0 0 366431 14.2076
W+2_RB2in_6B 0 0 0 0 109553 3.77882
W+2_RB1out_6B 1 0 0 0 284930 11.8319
W+2_RB1in_6B 0 0 0 0 443572 18.4197
W+2_RB4_7+F 0 0 0 7 1.15642e+06 46.6493
W+2_RB3_7F 0 0 0 0 25855.2 1.39534
W+2_RB4_7+B 1 0 0 33 1.54511e+06 66.7544
W+2_RB3_7B 0 0 0 0 23833 1.37753
W+2_RB2out_7F 0 0 0 0 64358.4 3.04589
W+2_RB2out_7C 0 0 0 0 80583 4.09233
W+2_RB2out_7B 0 1 0 0 34670.6 1.81796
W+2_RB2in_7F 0 0 0 0 117820 3.79456
W+2_RB1out_7F 0 0 0 0 348958 13.5301
W+2_RB1in_7F 0 0 0 0 536558 20.8039
W+2_RB2in_7B 0 0 0 0 92272.5 3.18277
W+2_RB1out_7B 0 0 0 0 371232 15.4157
W+2_RB1in_7B 0 0 0 0 481386 19.9899
W+2_RB4_8+F 0 1 34 0 232521 12.5486
W+2_RB3_8F 0 0 0 0 36521.1 1.97096
W+2_RB4_8+B 0 0 36 0 288187 16.6571
W+2_RB3_8B 0 0 0 0 40668.8 2.35064
W+2_RB2out_8F 0 0 0 0 22110.1 1.04641
W+2_RB2out_8C 0 0 0 0 30325.6 1.54006
W+2_RB2out_8B 0 0 0 0 27866.9 1.4612
W+2_RB2in_8F 0 0 0 0 88175.8 2.83984
W+2_RB1out_8F 0 0 0 0 401729 15.5762
W+2_RB1in_8F 0 0 0 0 645717 25.0363
W+2_RB2in_8B 0 0 0 0 60172.1 2.07553
W+2_RB1out_8B 0 10 0 4 697638 28.97
W+2_RB1in_8B 0 0 0 0 662956 27.5298
W+2_RB4_9F 0 1 0 0 35461.5 1.4305
W+2_RB3_9F 0 0 0 0 21490.5 1.15979
W+2_RB4_9B 0 0 0 0 18127.7 0.783183
W+2_RB3_9B 0 0 0 0 20752.1 1.19946
W+2_RB2out_9F 0 0 0 0 74795.9 3.53986
W+2_RB2out_9C 0 0 0 0 85225.3 4.32809
W+2_RB2out_9B 0 0 0 0 49611.6 2.60139
W+2_RB2in_9F 0 0 0 0 193876 6.24409
W+2_RB1out_9F 0 0 0 0 472504 18.3203
W+2_RB1in_9F 0 0 0 0 743387 28.8233
W+2_RB2in_9B 0 0 0 0 108532 3.74363
W+2_RB1out_9B 1 0 0 0 349710 14.522
W+2_RB1in_9B 0 0 0 0 412154 17.115
