322625  -61885899187
RE+1_2_36 0 0 0 0 96816.2 8.22766
RE+1_2_01 0 2 0 0 69882.5 5.93878
RE+1_2_02 0 0 0 0 107627 9.14642
RE+1_3_36 0 0 0 0 29793.5 1.6638
RE+1_3_01 0 0 0 0 38205.7 2.13358
RE+1_3_02 0 0 0 1 64895.2 3.62405
RE+2_2_02 0 0 0 0 163587 13.7877
RE+2_2_03 0 0 0 0 163660 13.7938
RE+2_2_04 1 0 0 0 163469 13.7778
RE+2_3_02 0 0 0 0 69680.7 3.5358
RE+2_3_03 0 0 0 0 77444.6 3.92976
RE+2_3_04 0 0 0 0 78910.6 4.00415
RE+1_2_03 0 0 0 0 77530.4 6.58872
RE+1_2_04 0 1 0 0 138820 11.7973
RE+1_2_05 0 0 0 0 69005.4 5.86424
RE+1_3_03 0 0 0 0 37583.2 2.09882
RE+1_3_04 9 0 0 0 55470.7 3.09774
RE+1_3_05 0 0 0 0 53885.3 3.0092
RE+2_2_05 0 0 0 0 182501 15.3818
RE+2_2_06 0 0 0 0 180230 15.1904
RE+2_2_07 0 0 0 0 175475 14.7896
RE+2_3_05 0 0 0 0 87446.4 4.43728
RE+2_3_06 0 0 0 0 78799 3.99849
RE+2_3_07 0 0 0 0 87533.5 4.4417
RE+1_1_03 0 0 0 0 113428 66.876
RE+1_1_04 0 0 0 0 180445 106.388
RE+1_2_06 8 0 0 0 117054 9.9475
RE+1_2_07 0 0 0 0 74590.8 6.3389
RE+1_2_08 0 1 0 0 85290.2 7.24816
RE+1_3_06 0 0 0 0 45536.8 2.54298
RE+1_3_07 0 0 0 0 62868.6 3.51087
RE+1_3_08 0 0 0 0 49616.1 2.77079
RE+1_1_01 0 0 0 0 267487 157.707
RE+1_1_02 1 1 0 0 145543 85.8102
RE+2_2_08 0 0 0 0 171596 14.4627
RE+2_2_09 0 0 0 0 178552 15.049
RE+2_2_10 0 0 0 0 204979 17.2763
RE+2_3_08 2 0 0 0 76162.6 3.86471
RE+2_3_09 0 0 0 0 95270 4.83427
RE+2_3_10 0 0 0 0 93860.2 4.76274
RE+1_2_27 0 0 0 0 91847.5 7.80541
RE+1_2_28 0 0 0 0 87981.8 7.4769
RE+1_2_29 0 4 0 4 413636 35.1518
RE+1_3_27 0 0 0 0 19892.6 1.1109
RE+1_3_28 0 0 0 0 15933.6 0.889806
RE+1_3_29 0 4 0 2 44519.9 2.4862
RE+2_2_29 0 0 0 0 164563 13.8699
RE+2_2_30 0 0 0 0 194438 16.3879
RE+2_2_31 0 0 0 0 173469 14.6206
RE+2_3_29 0 0 0 0 47372 2.4038
RE+2_3_30 0 0 0 0 90247 4.5794
RE+2_3_31 0 0 0 0 85027.6 4.31455
RE+1_2_30 0 0 0 0 77212.5 6.5617
RE+1_2_31 0 0 0 0 86685 7.36669
RE+1_2_32 0 0 0 0 49741.5 4.22715
RE+1_3_30 0 0 0 0 22036.6 1.23063
RE+1_3_31 0 0 0 0 17869.5 0.997916
RE+1_3_32 0 0 0 0 37799.9 2.11092
RE+2_2_32 0 0 0 0 149076 12.5647
RE+2_2_33 0 0 0 0 185425 15.6283
RE+2_2_34 0 0 0 0 174572 14.7135
RE+2_3_32 0 0 0 0 77986.8 3.95728
RE+2_3_33 0 0 0 0 49338.6 2.50359
RE+2_3_34 0 0 0 0 73617.1 3.73555
RE+1_2_33 0 0 0 0 97585.7 8.29306
RE+1_2_34 2 1 0 0 125004 10.6232
RE+1_2_35 95 1 1 0 0 0
RE+1_3_33 0 0 0 4 96778.3 5.40454
RE+1_3_34 0 0 0 0 28171.3 1.57321
RE+1_3_35 0 0 0 0 28900.5 1.61393
RE+2_2_35 0 0 0 0 168300 14.1849
RE+2_2_36 0 0 0 0 129937 10.9515
RE+2_2_01 1 1 0 0 125514 10.5788
RE+2_3_35 0 0 0 0 76927.6 3.90353
RE+2_3_36 0 0 0 0 64811.4 3.28872
RE+2_3_01 1 0 0 0 70180.1 3.56114
