322625  -61885899187
RE+1_2_09 0 0 0 0 71543.2 6.07991
RE+1_2_10 0 0 0 0 120835 10.2688
RE+1_2_11 1 2 0 0 42488.9 3.61081
RE+1_3_09 0 0 0 0 49838.5 2.78321
RE+1_3_10 2 0 0 0 45208.8 2.52466
RE+1_3_11 0 0 0 0 56671.9 3.16482
RE+2_2_11 0 0 0 0 167617 14.1274
RE+2_2_12 0 0 0 0 180109 15.1802
RE+2_2_13 0 0 0 0 175456 14.7881
RE+2_3_11 0 0 0 0 51348.5 2.60557
RE+2_3_12 0 0 0 0 86510.8 4.38981
RE+2_3_13 0 0 0 0 89070.2 4.51968
RE+1_2_12 0 0 0 0 116517 9.90185
RE+1_2_13 0 0 0 0 95323.5 8.10081
RE+1_2_14 1 0 0 0 152839 12.9886
RE+1_3_12 0 0 0 0 38508.7 2.1505
RE+1_3_13 0 0 0 0 51592.1 2.88114
RE+1_3_14 0 0 0 0 34978.4 1.95335
RE+2_2_14 0 0 0 0 212135 17.8794
RE+2_2_15 0 0 0 0 9.27764e+07 7819.52
RE+2_2_16 0 0 0 0 172873 14.5703
RE+2_3_14 0 0 0 0 67959.1 3.44844
RE+2_3_15 0 0 0 0 88192.9 4.47517
RE+2_3_16 0 0 0 0 88535.4 4.49254
RE+1_2_15 0 0 0 0 95283 8.09737
RE+1_2_16 1 0 0 0 103910 8.83049
RE+1_2_17 0 0 0 0 106345 9.03747
RE+1_3_15 0 0 0 0 45087.5 2.51789
RE+1_3_16 0 0 0 0 33837.3 1.88963
RE+1_3_17 0 0 0 0 36876 2.05933
RE+2_2_17 0 0 0 0 174058 14.6702
RE+2_2_18 0 0 0 0 179450 15.1247
RE+2_2_19 0 0 0 0 166023 13.993
RE+2_3_17 0 0 0 0 78640.2 3.99043
RE+2_3_18 1 0 0 0 79231 4.02041
RE+2_3_19 0 0 0 0 82693.3 4.1961
RE+1_2_18 1 1 0 0 104692 8.89693
RE+1_2_19 0 0 0 0 99655.8 8.46899
RE+1_2_20 0 0 0 0 83197.7 7.07034
RE+1_3_18 0 0 0 0 37386.6 2.08784
RE+1_3_19 0 0 0 0 37522 2.0954
RE+1_3_20 0 0 0 0 50904.5 2.84274
RE+2_2_20 0 0 0 0 162007 13.6545
RE+2_2_21 0 0 0 0 186599 15.7272
RE+2_2_22 0 0 0 0 44277.3 3.73184
RE+2_3_20 0 0 0 0 91935.4 4.66507
RE+2_3_21 0 0 0 0 101338 5.14217
RE+2_3_22 0 0 0 0 64599.2 3.27795
RE+1_2_21 0 0 0 0 70598.5 5.99963
RE+1_2_22 0 0 0 0 115092 9.78077
RE+1_2_23 0 0 0 0 74165.8 6.30278
RE+1_3_21 0 0 0 0 36436.7 2.03479
RE+1_3_22 0 0 0 0 25722.7 1.43648
RE+1_3_23 0 0 0 0 29894.1 1.66942
RE+2_2_23 0 0 0 0 150834 12.7129
RE+2_2_24 0 0 0 0 164425 13.8583
RE+2_2_25 0 0 0 0 163329 13.7659
RE+2_3_23 0 0 0 0 63643.1 3.22943
RE+2_3_24 0 0 0 0 85196.1 4.3231
RE+2_3_25 0 0 0 0 61484.6 3.11991
RE+1_2_24 0 0 0 0 99358.8 8.44374
RE+1_2_25 17 0 0 0 99684.7 8.47144
RE+1_2_26 0 0 0 0 103258 8.7751
RE+1_3_24 0 0 0 0 24810.5 1.38553
RE+1_3_25 0 0 0 0 23862.7 1.3326
RE+1_3_26 1 0 0 0 23220.2 1.29672
RE+2_2_26 0 0 0 0 167565 14.1229
RE+2_2_27 0 0 0 0 103551 8.72762
RE+2_2_28 0 0 0 0 161434 13.6062
RE+2_3_26 0 0 0 0 47869.7 2.42905
RE+2_3_27 0 0 0 0 71226.1 3.61422
RE+2_3_28 0 0 0 0 81884.7 4.15507
