322625  -61885899187
W+2_RB4_1+F 0 1 0 0 812726 32.785
W+2_RB3_1F 1 0 0 0 62095.7 3.35116
W+2_RB4_1+B 0 0 0 12 1.0945e+06 47.2862
W+2_RB3_1B 0 0 0 0 313941 18.1456
W+2_RB2out_1F 0 1 0 0 64780.2 3.06585
W+2_RB2out_1C 14 0 0 0 41830.9 2.12434
W+2_RB2out_1B 0 1 0 0 57911.1 3.03657
W+2_RB2in_1F 0 0 0 0 74327.9 2.39385
W+2_RB1out_1F 0 0 0 0 185358 7.18686
W+2_RB1in_1F 0 2 0 0 619497 24.0197
W+2_RB2in_1B 0 0 0 0 78205.8 2.69757
W+2_RB1out_1B 0 1 0 0 160588 6.66856
W+2_RB1in_1B 0 1 0 0 613228 25.4648
W+2_RB4_2+F 0 0 0 0 892843 36.0169
W+2_RB3_2F 0 0 0 0 34972.6 1.88739
W+2_RB4_2+B 0 0 0 0 890463 38.4712
W+2_RB3_2B 0 0 0 0 28070.9 1.62248
W+2_RB2out_2F 0 0 0 0 82565.6 3.90758
W+2_RB2out_2C 0 0 0 0 93178.8 4.732
W+2_RB2out_2B 0 0 0 0 85325.6 4.47405
W+2_RB2in_2F 0 0 0 0 120409 3.87795
W+2_RB1out_2F 0 0 0 0 343618 13.3231
W+2_RB1in_2F 0 0 0 0 451229 17.4955
W+2_RB2in_2B 0 1 0 0 81121.8 2.79815
W+2_RB1out_2B 0 0 0 0 153862 6.38923
W+2_RB1in_2B 0 0 0 0 523495 21.7385
W+2_RB4_3+F 0 0 0 0 834929 33.6806
W+2_RB3_3F 0 0 0 0 35648.2 1.92385
W+2_RB4_3+B 0 0 0 0 757314 32.7187
W+2_RB3_3B 0 0 0 0 22289.6 1.28832
W+2_RB2out_3F 0 0 0 0 175185 8.29099
W+2_RB2out_3C 0 0 0 0 173961 8.83448
W+2_RB2out_3B 0 12 0 25 1.25234e+06 65.6664
W+2_RB2in_3F 0 0 0 0 131297 4.22861
W+2_RB1out_3F 0 0 0 0 323050 12.5256
W+2_RB1in_3F 0 1 0 0 552011 21.4031
W+2_RB2in_3B 0 0 0 0 74846.9 2.58171
W+2_RB1out_3B 0 1 0 0 336366 13.9679
W+2_RB1in_3B 0 0 0 0 358312 14.8792
W+2_RB4_10-F 0 0 0 0 22439.2 0.72269
W+2_RB4_10+F 0 0 0 0 25005.3 0.805334
W+2_RB3_10F 0 0 0 0 17681.2 0.954213
W+2_RB4_10-B 3 0 0 0 12807.6 0.441776
W+2_RB4_10+B 0 0 0 0 17572.1 0.606117
W+2_RB3_10B 0 0 0 0 14664.4 0.847593
W+2_RB2out_10F 6 0 0 0 61466.4 2.90902
W+2_RB2out_10C 0 0 0 0 69168.3 3.51265
W+2_RB2out_10B 0 0 0 0 48595.9 2.54813
W+2_RB2in_10F 0 1 0 0 134158 4.32077
W+2_RB1out_10F 0 0 0 0 270358 10.4826
W+2_RB1in_10F 0 0 0 0 560245 21.7223
W+2_RB2in_10B 1 1 0 0 106601 3.67702
W+2_RB1out_10B 0 0 0 0 251372 10.4384
W+2_RB1in_10B 0 0 0 0 487257 20.2337
W+2_RB4_11F 1 4 0 0 23025.5 0.928838
W+2_RB3_11F 0 0 42 0 14083.8 0.760071
W+2_RB4_11B 2 0 0 0 15575.4 0.672913
W+2_RB3_11B 0 1 43 0 4509.65 0.260655
W+2_RB2out_11F 0 0 0 0 74956 3.54744
W+2_RB2out_11C 0 0 0 0 79205 4.02235
W+2_RB2out_11B 0 0 0 0 48427.7 2.53931
W+2_RB2in_11F 0 0 0 0 87933.1 2.83202
W+2_RB1out_11F 1 1 0 0 140284 5.43923
W+2_RB1in_11F 0 0 0 0 588191 22.8059
W+2_RB2in_11B 0 1 0 0 65458.4 2.25787
W+2_RB1out_11B 0 0 0 0 146766 6.09458
W+2_RB1in_11B 0 0 0 0 529082 21.9706
W+2_RB4_12+F 0 4 0 0 278472 11.2334
W+2_RB3_12F 0 14 36 0 8313.37 0.448654
W+2_RB4_12+B 0 1 0 1 367856 15.8927
W+2_RB3_12B 0 11 32 0 6120.26 0.353748
W+2_RB2out_12F 0 0 0 47 4.67e+06 221.017
W+2_RB2out_12C 1 1 0 24 1.33353e+06 67.7223
W+2_RB2out_12B 0 1 0 36 2.8386e+06 148.842
W+2_RB2in_12F 0 1 0 0 72453.3 2.33347
W+2_RB1out_12F 1 0 0 0 3133.1 0.121479
W+2_RB1in_12F 0 0 0 0 389508 15.1024
W+2_RB2in_12B 0 1 0 0 69091.7 2.38319
W+2_RB1out_12B 0 0 0 0 180599 7.49954
W+2_RB1in_12B 5 1 1 0 4623.98 0.192015
