322625  -61885899187
W0_RB4_1+F 49 1 46 0 0 0
W0_RB3_1F 1 0 0 0 19048.3 1.02799
W0_RB4_1+B 52 0 44 0 0 0
W0_RB3_1B 0 0 0 0 10426.6 0.602649
W0_RB2in_1F 0 0 0 0 20564.6 0.97326
W0_RB2in_1C 0 1 0 0 14203.1 0.721293
W0_RB2in_1B 0 1 0 0 14210.6 0.745134
W0_RB2out_1F 0 0 0 0 26559.3 0.855384
W0_RB1out_1F 0 0 0 0 47855.3 1.85549
W0_RB1in_1F 0 0 0 0 52006 2.01642
W0_RB2out_1B 0 1 0 0 10710.9 0.369455
W0_RB1out_1B 0 0 0 0 43335.7 1.79955
W0_RB1in_1B 0 1 0 0 42032.5 1.74543
W0_RB4_2+F 0 0 0 0 517285 20.867
W0_RB3_2F 0 0 0 0 36727.6 1.9821
W0_RB4_2+B 1 0 0 0 406777 17.5743
W0_RB3_2B 2 0 0 0 38991.4 2.25368
W0_RB2in_2F 0 0 0 0 23012.4 1.08911
W0_RB2in_2C 0 0 0 0 38671.4 1.96389
W0_RB2in_2B 0 2 0 0 21476.6 1.12613
W0_RB2out_2F 0 0 0 0 37652.4 1.21265
W0_RB1out_2F 0 0 0 0 95641.1 3.70828
W0_RB1in_2F 0 0 0 0 98322.2 3.81224
W0_RB2out_2B 0 0 0 0 36999.5 1.27623
W0_RB1out_2B 0 0 0 0 65191.9 2.70715
W0_RB1in_2B 0 1 0 0 46167.4 1.91714
W0_RB4_3+F 0 0 0 0 608745 24.5565
W0_RB3_3F 6 8 0 0 15791.7 0.852239
W0_RB4_3+B 0 1 0 0 595189 25.7143
W0_RB3_3B 0 0 0 0 21610.5 1.24908
W0_RB2in_3F 1 8 0 0 29461.2 1.39431
W0_RB2in_3C 0 0 0 0 39539.4 2.00797
W0_RB2in_3B 8 0 0 0 35627.2 1.86811
W0_RB2out_3F 1 0 0 0 24006.5 0.773167
W0_RB1out_3F 0 0 0 0 68638.3 2.66131
W0_RB1in_3F 0 0 0 0 71630.2 2.77731
W0_RB2out_3B 0 0 0 0 41575.8 1.43408
W0_RB1out_3B 1 0 0 0 58813.3 2.44227
W0_RB1in_3B 0 0 0 0 71836.4 2.98306
W0_RB4_10-F 0 1 0 0 10466.8 0.337099
W0_RB4_10+F 1 13 0 0 8067.13 0.259814
W0_RB3_10F 1 0 0 0 13022.6 0.702799
W0_RB4_10-B 0 0 0 0 11437.5 0.394516
W0_RB4_10+B 0 0 0 0 10407.5 0.358988
W0_RB3_10B 0 1 0 0 10558.8 0.610293
W0_RB2in_10F 6 0 0 0 17675.7 0.83654
W0_RB2in_10C 0 0 0 0 19813.7 1.00622
W0_RB2in_10B 0 0 0 0 16918.4 0.887117
W0_RB2out_10F 6 0 0 0 35803.4 1.1531
W0_RB1out_10F 0 0 0 0 56690.4 2.19805
W0_RB1in_10F 0 0 0 0 65978.9 2.55819
W0_RB2out_10B 0 0 0 0 30297.9 1.04507
W0_RB1out_10B 0 0 0 0 59754.4 2.48135
W0_RB1in_10B 0 0 0 0 58417.3 2.42583
W0_RB4_11F 0 0 0 0 10509.9 0.423966
W0_RB3_11F 1 14 0 0 8520.62 0.459838
W0_RB4_11B 0 5 4 0 8707.44 0.376193
W0_RB3_11B 0 0 0 0 9498.9 0.549032
W0_RB2in_11F 0 0 0 0 29798.7 1.41028
W0_RB2in_11C 0 0 0 0 18948.7 0.962292
W0_RB2in_11B 0 0 0 0 14853.4 0.778842
W0_RB2out_11F 0 0 0 0 35480.2 1.14269
W0_RB1out_11F 0 0 0 0 90356.7 3.50339
W0_RB1in_11F 0 0 0 0 97993.6 3.7995
W0_RB2out_11B 0 0 0 0 36030.7 1.24282
W0_RB1out_11B 0 0 0 0 72789.5 3.02264
W0_RB1in_11B 0 0 0 0 106415 4.41897
W0_RB4_12+F 0 2 0 0 164047 6.61759
W0_RB3_12F 0 1 0 0 14571.7 0.786403
W0_RB4_12+B 0 2 0 0 173289 7.48673
W0_RB3_12B 2 0 0 0 27578.5 1.59402
W0_RB2in_12F 0 1 0 0 19896.4 0.941635
W0_RB2in_12C 0 1 0 0 28550.8 1.44993
W0_RB2in_12B 0 1 0 0 16599.5 0.870398
W0_RB2out_12F 0 0 0 0 31052.1 1.00008
W0_RB1out_12F 0 0 0 0 56281.4 2.18219
W0_RB1in_12F 0 0 0 0 77447.3 3.00286
W0_RB2out_12B 0 0 0 0 29254.7 1.00909
W0_RB1out_12B 0 0 0 0 41183.6 1.71018
W0_RB1in_12B 0 0 0 0 76036.4 3.15748
