322625  -61885899187
RE+4_2_33 0 0 0 0 212823 17.9375
RE+4_2_34 0 1 0 0 279808 23.5832
RE+4_2_35 0 2 0 0 328456 27.6834
RE+4_3_33 0 0 0 0 241412 12.25
RE+4_3_34 0 0 0 0 314300 15.9485
RE+4_3_35 0 1 0 0 323895 16.4354
RE+4_2_36 0 1 0 0 259774 21.8947
RE+4_2_01 0 1 0 0 333025 28.0685
RE+4_2_02 0 1 0 0 359211 30.2755
RE+4_3_36 0 0 0 0 349511 17.7352
RE+4_3_01 0 0 0 0 387160 19.6456
RE+4_3_02 0 9 0 0 347378 17.6269
RE+4_2_03 0 0 0 0 263311 22.1928
RE+4_2_04 0 2 0 0 325588 27.4417
RE+4_2_05 0 1 0 0 258047 21.7491
RE+4_3_03 0 1 0 0 359651 18.2497
RE+4_3_04 0 1 0 0 403711 20.4855
RE+4_3_05 0 1 0 0 386433 19.6087
RE+4_2_06 0 1 0 0 251691 21.2134
RE+4_2_07 0 2 0 0 279291 23.5396
RE+4_2_08 0 1 0 1 535651 45.1465
RE+4_3_06 0 0 0 0 442119 22.4344
RE+4_3_07 0 0 0 0 499235 25.3326
RE+4_3_08 0 0 0 0 535182 27.1567
RE+4_2_27 0 0 0 0 351491 29.6249
RE+4_2_28 0 2 0 0 284398 23.97
RE+4_2_29 0 0 0 0 344417 29.0286
RE+4_3_27 0 0 0 0 297305 15.0861
RE+4_3_28 0 0 0 0 309367 15.6982
RE+4_3_29 0 0 0 0 312976 15.8813
RE+4_2_30 0 0 0 0 343962 28.9903
RE+4_2_31 0 0 0 0 298991 25.2
RE+4_2_32 0 0 0 0 164341 13.8513
RE+4_3_30 0 0 0 0 305855 15.52
RE+4_3_31 0 0 0 0 183430 9.30775
RE+4_3_32 0 0 0 0 182202 9.24546
RE+3_2_03 0 0 0 0 197663 16.6597
RE+3_2_04 0 0 0 0 120194 10.1304
RE+3_2_05 0 0 0 0 109395 9.22022
RE+3_3_03 0 0 0 0 160548 8.14669
RE+3_3_04 0 0 0 0 166621 8.45484
RE+3_3_05 0 8 0 0 148800 7.55054
RE+3_2_06 0 0 0 0 191288 16.1224
RE+3_2_07 0 0 0 0 165746 13.9697
RE+3_2_08 0 1 0 0 186919 15.7542
RE+3_3_06 0 1 0 0 122565 6.2193
RE+3_3_07 0 0 0 0 178441 9.05461
RE+3_3_08 0 0 0 0 177870 9.02565
RE+3_2_33 0 0 0 0 179684 15.1444
RE+3_2_34 0 0 0 0 201248 16.9619
RE+3_2_35 0 0 0 0 171146 14.4248
RE+3_3_33 0 0 0 0 63390.9 3.21664
RE+3_3_34 0 0 0 0 108087 5.48466
RE+3_3_35 0 0 0 0 142005 7.20577
RE+3_2_36 0 0 0 0 180182 15.1864
RE+3_2_01 0 0 0 0 166578 14.0398
RE+3_2_02 0 0 0 0 187915 15.8381
RE+3_3_36 0 0 0 0 74125.1 3.76132
RE+3_3_01 0 0 0 0 137219 6.96287
RE+3_3_02 0 0 0 0 152704 7.74864
RE+3_2_27 0 0 0 0 160467 13.5247
RE+3_2_28 0 0 0 0 201719 17.0016
RE+3_2_29 0 0 0 0 204475 17.2339
RE+3_3_27 0 0 0 0 86372.9 4.38281
RE+3_3_28 0 0 0 0 96539.4 4.89869
RE+3_3_29 1 0 0 0 51259.8 2.60107
RE+3_2_30 0 0 0 0 141643 11.9382
RE+3_2_31 0 0 0 0 170283 14.352
RE+3_2_32 0 0 0 0 182139 15.3513
RE+3_3_30 0 0 0 0 93679.8 4.75358
RE+3_3_31 0 0 0 0 55382.8 2.81028
RE+3_3_32 0 0 0 0 84059.6 4.26543
