322625  -61885899187
W+1_RB4_4-F 2 28 61 0 0 0
W+1_RB4_4+F 20 10 42 0 0 0
W+1_RB3_4F 0 0 0 0 14575.6 0.931729
W+1_RB4_4-B 26 33 32 0 0 0
W+1_RB4_4+B 40 6 28 0 0 0
W+1_RB3_4B 1 1 0 0 14649.2 1.01623
W+1_RB2in_4F 0 0 0 0 53122.7 3.26034
W+1_RB2in_4C 0 0 0 0 76202.8 3.86989
W+1_RB2in_4B 2 43 0 25 1.15831e+06 81.3693
W+1_RB2out_4F 0 1 0 0 32620.1 1.2444
W+1_RB1out_4F 1 0 0 0 188235 8.64485
W+1_RB1in_4F 1 0 0 0 217508 9.98927
W+1_RB2out_4B 1 1 0 0 24591.5 1.01806
W+1_RB1out_4B 3 0 0 0 91598.6 4.56523
W+1_RB1in_4B 0 1 0 0 214004 10.6659
W+1_RB4_5+F 0 0 0 0 943221 38.0491
W+1_RB3_5F 0 0 0 0 20812.7 1.12321
W+1_RB4_5+B 0 0 0 0 837208 36.1704
W+1_RB3_5B 1 0 0 0 17844.7 1.03142
W+1_RB2in_5F 1 0 0 0 58279.3 2.75818
W+1_RB2in_5C 0 0 0 0 63491.9 3.22438
W+1_RB2in_5B 0 0 0 0 37836.9 1.98398
W+1_RB2out_5F 0 0 0 0 46119.3 1.48534
W+1_RB1out_5F 1 0 0 0 139506 5.40906
W+1_RB1in_5F 0 0 0 0 348743 13.5218
W+1_RB2out_5B 0 0 0 0 36961.1 1.27491
W+1_RB1out_5B 0 0 0 0 150083 6.23233
W+1_RB1in_5B 0 0 0 0 235724 9.78862
W+1_RB4_6+F 0 0 0 0 645983 26.0586
W+1_RB3_6F 0 0 0 0 36318.9 1.96005
W+1_RB4_6+B 0 0 0 0 710927 30.7146
W+1_RB3_6B 0 0 0 0 23614.1 1.36488
W+1_RB2in_6F 0 0 0 0 86810.6 4.10848
W+1_RB2in_6C 0 0 0 0 100677 5.11281
W+1_RB2in_6B 1 0 0 0 38151 2.00045
W+1_RB2out_6F 0 0 0 0 50573.1 1.62879
W+1_RB1out_6F 0 0 0 0 234137 9.07818
W+1_RB1in_6F 0 0 0 7 2.68908e+06 104.263
W+1_RB2out_6B 0 0 0 0 27461.7 0.947244
W+1_RB1out_6B 0 0 0 0 159822 6.63672
W+1_RB1in_6B 0 0 0 0 122048 5.06814
W+1_RB4_7+F 0 0 0 0 682163 27.5181
W+1_RB3_7F 2 0 0 0 25401.6 1.37086
W+1_RB4_7+B 1 0 0 0 629089 27.1789
W+1_RB3_7B 0 0 0 0 29108.6 1.68246
W+1_RB2in_7F 0 0 0 0 34563.3 1.63578
W+1_RB2in_7C 0 0 0 0 30910.6 1.56977
W+1_RB2in_7B 0 0 0 0 18239.9 0.956411
W+1_RB2out_7F 0 0 0 0 36837.5 1.18641
W+1_RB1out_7F 0 1 0 0 140599 5.45143
W+1_RB1in_7F 1 0 0 0 250813 9.72476
W+1_RB2out_7B 0 0 0 0 21210.3 0.731613
W+1_RB1out_7B 0 0 0 1 208236 8.64716
W+1_RB1in_7B 0 0 0 0 128136 5.32095
W+1_RB4_8+F 1 0 0 0 273938 14.7838
W+1_RB3_8F 1 0 0 1 79211.1 4.27484
W+1_RB4_8+B 0 0 0 0 373741 21.602
W+1_RB3_8B 1 0 0 1 168800 9.75656
W+1_RB2in_8F 0 0 0 0 42009 1.98816
W+1_RB2in_8C 0 0 0 0 36493.6 1.85329
W+1_RB2in_8B 1 0 0 0 23215.9 1.21733
W+1_RB2out_8F 0 1 0 0 73498.7 2.36714
W+1_RB1out_8F 1 0 0 0 257920 10.0003
W+1_RB1in_8F 0 0 0 0 224878 8.71919
W+1_RB2out_8B 0 0 0 0 55065.8 1.8994
W+1_RB1out_8B 0 0 0 0 151476 6.29018
W+1_RB1in_8B 2 0 0 0 240725 9.99629
W+1_RB4_9F 0 0 0 0 30641.7 1.23607
W+1_RB3_9F 1 13 0 0 10483.6 0.565774
W+1_RB4_9B 0 0 0 0 32744.6 1.41469
W+1_RB3_9B 7 0 0 0 11373.2 0.657364
W+1_RB2in_9F 0 0 0 0 13825.2 0.654303
W+1_RB2in_9C 0 0 0 0 11775.3 0.598
W+1_RB2in_9B 0 0 0 0 10275.5 0.538797
W+1_RB2out_9F 0 0 0 0 49813.3 1.60432
W+1_RB1out_9F 2 0 0 0 203761 7.90041
W+1_RB1in_9F 0 0 0 1 335487 13.0078
W+1_RB2out_9B 0 0 0 0 27065.6 0.933579
W+1_RB1out_9B 1 0 0 0 127163 5.28054
W+1_RB1in_9B 1 0 0 0 195048 8.09951
