322625  -61885899187
RE-4_2_09 0 1 0 0 368579 31.0652
RE-4_2_10 0 0 0 0 454792 38.3315
RE-4_2_11 0 1 0 0 378352 31.8888
RE-4_3_09 0 0 0 0 527296 26.7565
RE-4_3_10 0 0 0 0 568668 28.8559
RE-4_3_11 0 0 0 0 287211 14.5739
RE-4_2_12 0 0 0 0 395181 33.3072
RE-4_2_13 0 5 0 1 382134 32.2076
RE-4_2_14 0 0 0 0 314037 26.4682
RE-4_3_12 0 0 0 0 474631 24.0841
RE-4_3_13 0 0 0 0 390370 19.8085
RE-4_3_14 0 0 0 0 370896 18.8204
RE-4_2_15 0 2 0 0 327150 27.5734
RE-4_2_16 0 1 0 0 348221 29.3492
RE-4_2_17 0 0 0 0 341016 28.742
RE-4_3_15 0 1 0 0 305218 15.4876
RE-4_3_16 0 0 0 0 358175 18.1748
RE-4_3_17 0 0 0 0 410792 20.8448
RE-4_2_18 0 2 0 0 287601 24.24
RE-4_2_19 0 2 0 0 293914 24.7721
RE-4_2_20 0 1 0 0 360357 30.3722
RE-4_3_18 0 0 0 0 351477 17.835
RE-4_3_19 0 0 0 0 436637 22.1562
RE-4_3_20 0 2 0 0 408024 20.7043
RE-4_2_21 0 2 0 0 252782 21.3053
RE-4_2_22 0 2 0 0 147501 12.4319
RE-4_2_23 0 1 0 0 229772 19.366
RE-4_3_21 0 0 0 0 208500 10.5799
RE-4_3_22 0 1 0 0 326379 16.5614
RE-4_3_23 0 1 0 0 251882 12.7812
RE-4_2_24 0 0 0 0 263474 22.2065
RE-4_2_25 0 0 0 0 297949 25.1122
RE-4_2_26 0 1 0 0 323779 27.2892
RE-4_3_24 0 1 0 0 233507 11.8488
RE-4_3_25 0 0 0 0 190504 9.66671
RE-4_3_26 0 4 0 1 364038 18.4723
RE-3_2_09 1 1 0 0 199063 16.7777
RE-3_2_10 0 0 0 0 194968 16.4326
RE-3_2_11 0 1 0 0 176929 14.9122
RE-3_3_09 0 0 0 0 145512 7.38369
RE-3_3_10 0 0 0 0 150396 7.63154
RE-3_3_11 0 0 1 0 152028 7.71437
RE-3_2_12 0 0 0 0 191021 16.0999
RE-3_2_13 0 0 0 0 212195 17.8846
RE-3_2_14 0 0 0 0 180246 15.1918
RE-3_3_12 0 0 0 0 134403 6.82002
RE-3_3_13 0 0 0 0 123241 6.2536
RE-3_3_14 0 0 0 0 117050 5.93943
RE-3_2_15 0 0 0 0 160656 13.5406
RE-3_2_16 0 0 0 0 145603 12.2719
RE-3_2_17 0 0 0 0 129165 10.8864
RE-3_3_15 0 0 0 0 134276 6.81355
RE-3_3_16 0 0 0 0 132626 6.72981
RE-3_3_17 1 0 0 0 109376 5.55006
RE-3_2_18 0 0 0 0 148576 12.5225
RE-3_2_19 0 0 0 0 188008 15.8459
RE-3_2_20 2 0 0 0 128248 10.8092
RE-3_3_18 0 0 0 0 116807 5.92711
RE-3_3_19 16 0 0 0 92585.2 4.69804
RE-3_3_20 0 0 0 0 104483 5.30177
RE-3_2_21 0 0 0 0 188454 15.8835
RE-3_2_22 0 0 0 0 212646 17.9226
RE-3_2_23 0 0 0 0 197806 16.6718
RE-3_3_21 0 0 0 0 103315 5.24249
RE-3_3_22 0 0 0 0 98198.2 4.98286
RE-3_3_23 1 0 0 0 73898 3.7498
RE-3_2_24 0 0 0 0 155952 13.1442
RE-3_2_25 0 0 0 0 150219 12.6609
RE-3_2_26 0 0 0 0 184085 15.5153
RE-3_3_24 0 0 0 0 78275.2 3.97191
RE-3_3_25 0 0 0 0 65529 3.32513
RE-3_3_26 0 0 0 0 87675.1 4.44889
