W-1_RB4_6+F 65 24.05 195.145
W-1_RB4_6+F 66 23.6167 210.551
W-1_RB4_6+F 69 24.05 194.414
W-1_RB4_6+F 71 20.1833 224.88
W-1_RB4_6+B 49 26.2833 1128.66
W-1_RB4_6+B 51 24.9 497.684
W-1_RB4_6+B 52 24.9 1539.01
W-1_RB4_6+B 53 26.2833 425.64
W-1_RB4_6+B 54 26.2833 730.351
W-1_RB4_6+B 55 26.2833 371.082
W-1_RB4_6+B 56 24.9 203.03
W-1_RB4_6+B 69 20.05 116.474
W-1_RB4_6+B 80 21.3667 118.247
W-1_RB4_6+B 95 22.7667 127.724
W+1_RB3_1F 95 24.7333 278.306
W+1_RB1out_11B 2 23.9 206.829
W+1_RB2in_4B 85 15.75 3057.85
W+1_RB2in_4B 86 21.3667 6388.43
W+1_RB1in_5B 37 18.5667 540.073
W+1_RB1in_6F 66 19.7833 20882.6
W+1_RB1out_7B 2 24.05 509.512
W+1_RB3_8F 2 24.1167 137.723
W+1_RB3_8B 2 24.1333 382.928
W0_RB3_8B 2 24.1167 149.487
W+2_RB2out_3B 31 15.55 743.212
W+2_RB1out_8B 51 24.0667 324.167
W+2_RB1out_8B 52 22.65 301.419
W-2_RB4_5+F 7 18.45 200.561
W-2_RB4_5+F 8 23.6 170.644
W-2_RB4_5+F 9 27.7833 730.227
W-2_RB4_5+F 10 27.7833 888.754
W-2_RB4_5+F 11 27.7833 808.551
W-2_RB4_5+F 12 27.7833 1034.65
W-2_RB4_5+F 13 27.7833 1156.8
W-2_RB4_5+F 14 27.7833 1351.32
W-2_RB4_5+F 15 27.7833 1666.57
W-2_RB4_5+F 16 27.7833 1721.46
W-2_RB4_5+F 17 27.7833 1836.01
W-2_RB4_5+F 18 27.7833 1883.94
W-2_RB4_5+F 19 27.7833 1915.48
W-2_RB4_5+F 20 27.7833 1896.05
W-2_RB4_5+F 21 25.0167 520.913
W-2_RB4_5+F 22 27.7833 1918.37
W-2_RB4_5+F 23 27.7833 1906.24
W-2_RB4_5+F 24 25.0167 443.531
W-2_RB4_5+F 25 27.7833 1967.94
W-2_RB4_5+F 26 27.7833 1968.15
W-2_RB4_5+F 27 27.7833 1968.17
W-2_RB4_5+F 28 27.7833 1968.14
W-2_RB4_5+F 29 27.7833 1968.14
W-2_RB4_5+F 30 27.7833 1968.14
W-2_RB4_5+F 31 27.7833 1968.15
W-2_RB4_5+F 32 27.7833 1968.15
W-2_RB4_5+F 33 27.7833 1968.15
W-2_RB4_5+F 34 27.7833 1968.15
W-2_RB4_5+F 35 27.7833 1968.15
W-2_RB4_5+F 36 25.0167 579.5
W-2_RB4_5+F 37 27.7833 1967.59
W-2_RB4_5+F 38 27.7833 1968.13
W-2_RB4_5+F 39 27.7833 1968.06
W-2_RB4_5+F 40 27.7833 1967.84
W-2_RB4_5+F 41 27.7833 1798.33
W-2_RB4_5+F 42 27.7833 1640.28
W-2_RB4_5+F 43 27.7833 1710.93
W-2_RB4_5+F 44 27.7833 1859.21
W-2_RB4_5+F 45 27.7833 1933.98
W-2_RB4_5+F 46 27.7833 1857.26
W-2_RB4_5+F 47 27.7833 952.215
W-2_RB4_5+F 48 27.7833 1011.02
W-2_RB4_5+B 1 27.8167 759.22
W-2_RB4_5+B 4 27.8167 369.691
W-2_RB4_5+B 5 27.8167 786.284
W-2_RB4_5+B 6 27.8167 1363.35
W-2_RB4_5+B 7 26.4 451.489
W-2_RB4_5+B 8 27.8167 1951.85
W-2_RB4_5+B 9 27.8167 2082.47
W-2_RB4_5+B 10 27.8167 2082.92
W-2_RB4_5+B 11 27.8167 1997.84
W-2_RB4_5+B 12 27.8167 2083.01
W-2_RB4_5+B 13 27.8167 2082.91
W-2_RB4_5+B 14 27.8167 2082.98
W-2_RB4_5+B 15 27.8167 2083.03
W-2_RB4_5+B 16 27.8167 2082.97
W-2_RB4_5+B 17 27.8167 2083.13
W-2_RB4_5+B 18 27.8167 2083.09
W-2_RB4_5+B 19 27.8167 2083.11
W-2_RB4_5+B 20 27.8167 2083.15
W-2_RB4_5+B 21 27.8167 2083.09
W-2_RB4_5+B 22 27.8167 2083.15
W-2_RB4_5+B 23 27.8167 2083.09
W-2_RB4_5+B 24 27.8167 2083.11
W-2_RB4_5+B 25 27.8167 2083.11
W-2_RB4_5+B 26 27.8167 2083.1
W-2_RB4_5+B 27 27.8167 2083.12
W-2_RB4_5+B 28 27.8167 2083.1
W-2_RB4_5+B 29 27.8167 2083.13
W-2_RB4_5+B 30 27.8167 2083.11
W-2_RB4_5+B 31 27.8167 792.019
W-2_RB4_5+B 32 27.8167 2083.14
W-2_RB4_5+B 33 27.8167 2083.1
W-2_RB4_5+B 34 27.8167 2083.12
W-2_RB4_5+B 35 27.8167 2083.1
W-2_RB4_5+B 36 27.8167 2083.11
W-2_RB4_5+B 37 27.8167 2083.19
W-2_RB4_5+B 38 27.8167 2083.11
W-2_RB4_5+B 39 27.8167 2083.16
W-2_RB4_5+B 40 27.8167 2083.09
W-2_RB4_5+B 41 27.8167 2083.1
W-2_RB4_5+B 42 27.8167 2083.16
W-2_RB4_5+B 43 27.8167 2083.1
W-2_RB4_5+B 44 27.8167 2083.12
W-2_RB4_5+B 45 27.8167 2083.08
W-2_RB4_5+B 46 27.8167 2083.1
W-2_RB4_5+B 47 27.8167 2083.13
W-2_RB4_5+B 48 27.8167 2083.11
W-2_RB1in_7B 79 21.2 407.215
W-2_RB1in_9B 95 27.0667 1622.35
