322619  -61885899187
W-2_RB4_4+F 2 0 0 0 7258.59 0.391729
W-2_RB4_4-F 14 7 17 0 6728.82 0.363139
W-2_RB3_4F 3 0 0 0 122943 6.63495
W-2_RB4_4+B 0 0 0 0 8510.96 0.491929
W-2_RB4_4-B 28 0 8 0 4665.56 0.269667
W-2_RB3_4B 0 0 0 0 3807.1 0.220048
W-2_RB2out_4F 0 0 0 0 4033.61 0.190898
W-2_RB2out_4C 0 0 0 0 3021.11 0.153425
W-2_RB2out_4B 8 0 0 0 2677.66 0.140403
W-2_RB2in_4F 0 0 0 0 8313.22 0.26774
W-2_RB1out_4F 1 0 0 0 20070.3 0.778184
W-2_RB1in_4F 0 0 0 0 21767.7 0.843996
W-2_RB2in_4B 0 0 0 0 11693.3 0.403338
W-2_RB1out_4B 1 6 0 0 69100.1 2.86944
W-2_RB1in_4B 0 0 0 0 17995.8 0.747289
W-2_RB4_5+F 0 39 18 42 1.03449e+07 417.308
W-2_RB3_5F 0 0 0 0 8855.02 0.477885
W-2_RB4_5+B 1 16 38 46 1.38668e+07 599.097
W-2_RB3_5B 2 0 0 0 8954.33 0.517556
W-2_RB2out_5F 0 0 0 0 4381.93 0.207384
W-2_RB2out_5C 0 0 0 0 3752.14 0.190549
W-2_RB2out_5B 1 0 0 0 3537.08 0.185467
W-2_RB2in_5F 0 0 0 0 5943.15 0.191408
W-2_RB1out_5F 1 0 0 0 8761.02 0.33969
W-2_RB1in_5F 0 0 0 0 17376 0.673717
W-2_RB2in_5B 0 0 0 0 4579.47 0.157961
W-2_RB1out_5B 2 0 0 0 5158.68 0.214219
W-2_RB1in_5B 4 0 0 0 10551.8 0.438174
W-2_RB4_6+F 0 0 0 0 49147.2 1.98257
W-2_RB3_6F 0 0 0 0 3094.81 0.16702
W-2_RB4_6+B 0 0 0 0 45198.3 1.95273
W-2_RB3_6B 2 1 0 0 1987.48 0.114875
W-2_RB2out_6F 0 0 0 0 3980.59 0.188389
W-2_RB2out_6C 0 0 0 0 4531.12 0.230109
W-2_RB2out_6B 0 0 0 0 2370.98 0.124323
W-2_RB2in_6F 0 0 0 0 9422.51 0.303466
W-2_RB1out_6F 0 0 0 0 30751.9 1.19234
W-2_RB1in_6F 0 0 0 0 7694.53 0.298339
W-2_RB2in_6B 0 0 0 0 13691 0.472247
W-2_RB1out_6B 0 0 0 0 5650.39 0.234637
W-2_RB1in_6B 0 0 0 0 7808.78 0.324266
W-2_RB4_7+F 11 10 37 0 5383.45 0.217166
W-2_RB3_7F 3 0 0 0 8671.68 0.467991
W-2_RB4_7+B 21 6 27 0 5649.63 0.244085
W-2_RB3_7B 0 1 1 0 12535.4 0.724541
W-2_RB2out_7F 0 0 0 0 2101.9 0.0994767
W-2_RB2out_7C 1 0 0 0 2189.99 0.111217
W-2_RB2out_7B 0 0 0 0 1158.07 0.0607236
W-2_RB2in_7F 7 0 0 0 18579.4 0.59838
W-2_RB1out_7F 1 0 0 0 2961.84 0.114839
W-2_RB1in_7F 1 0 0 0 15704.6 0.608915
W-2_RB2in_7B 0 0 0 0 4471.55 0.154238
W-2_RB1out_7B 0 0 0 0 1999 0.0830103
W-2_RB1in_7B 0 0 0 1 79797.6 3.31366
W-2_RB4_8+F 4 29 11 0 2376.25 0.128241
W-2_RB3_8F 0 0 0 0 4711.84 0.254287
W-2_RB4_8+B 0 33 16 0 28359 1.63914
W-2_RB3_8B 0 0 0 0 3402.16 0.196643
W-2_RB2out_8F 0 0 0 0 9628.87 0.455705
W-2_RB2out_8C 1 0 0 0 16681.9 0.847173
W-2_RB2out_8B 0 0 0 0 3160.53 0.165722
W-2_RB2in_8F 0 0 0 0 25103.5 0.808496
W-2_RB1out_8F 0 0 0 0 21301.8 0.825934
W-2_RB1in_8F 1 0 0 0 10438.7 0.404739
W-2_RB2in_8B 0 0 0 0 31782.2 1.09627
W-2_RB1out_8B 0 0 0 0 11885.6 0.493559
W-2_RB1in_8B 0 0 0 0 10276.5 0.426742
W-2_RB4_9F 1 0 0 0 4693.49 0.189333
W-2_RB3_9F 0 0 0 0 6065.69 0.327352
W-2_RB4_9B 1 0 0 0 2398.3 0.103615
W-2_RB3_9B 1 0 0 0 2424.17 0.140116
W-2_RB2out_9F 0 0 0 0 1495.29 0.0707678
W-2_RB2out_9C 1 0 0 0 1152.69 0.0585381
W-2_RB2out_9B 1 0 0 0 840.542 0.0440739
W-2_RB2in_9F 0 0 0 0 15633.2 0.503493
W-2_RB1out_9F 0 0 0 0 10139.3 0.393132
W-2_RB1in_9F 1 0 0 0 4879.59 0.189196
W-2_RB2in_9B 0 0 0 0 6719.52 0.231778
W-2_RB1out_9B 1 0 0 0 4266.37 0.177164
W-2_RB1in_9B 0 0 0 1 195454 8.11637
