322619  -61885899187
W-1_RB4_1+F 43 0 0 0 21049.3 0.849119
W-1_RB3_1F 1 13 71 0 0 0
W-1_RB4_1+B 46 0 1 0 28505.3 1.23153
W-1_RB3_1B 0 5 79 0 0 0
W-1_RB2in_1F 0 0 0 0 2185.64 0.10344
W-1_RB2in_1C 0 1 1 0 42195.7 2.14287
W-1_RB2in_1B 0 0 0 0 935.343 0.0490448
W-1_RB2out_1F 0 0 0 0 3119.08 0.100455
W-1_RB1out_1F 0 0 0 0 2697.64 0.104596
W-1_RB1in_1F 1 0 0 0 3745.57 0.145227
W-1_RB2out_1B 0 4 0 0 2615.47 0.090216
W-1_RB1out_1B 0 0 0 0 1123.21 0.0466423
W-1_RB1in_1B 0 0 0 0 1359.33 0.0564475
W-1_RB4_2+F 54 32 35 0 0 0
W-1_RB3_2F 0 0 0 0 2905.42 0.156799
W-1_RB4_2+B 91 3 4 0 0 0
W-1_RB3_2B 0 0 0 0 2211.75 0.127838
W-1_RB2in_2F 0 0 0 0 3453.29 0.163434
W-1_RB2in_2C 0 0 0 0 4610.26 0.234128
W-1_RB2in_2B 0 1 0 0 3134.62 0.164364
W-1_RB2out_2F 1 0 0 0 3008.98 0.0969089
W-1_RB1out_2F 0 0 0 0 27953.9 1.08385
W-1_RB1in_2F 0 0 0 0 48350.1 1.87468
W-1_RB2out_2B 0 1 0 0 1608.93 0.0554971
W-1_RB1out_2B 0 1 0 0 30703.3 1.27498
W-1_RB1in_2B 1 0 0 0 48934 2.03203
W-1_RB4_3+F 0 0 0 0 8738.08 0.417519
W-1_RB3_3F 0 0 0 0 5530.02 0.353501
W-1_RB4_3+B 0 0 0 0 9124.26 0.473123
W-1_RB3_3B 1 0 0 0 4731.05 0.328199
W-1_RB2in_3F 0 0 0 0 2021.58 0.124072
W-1_RB2in_3C 0 0 0 0 2921.02 0.148341
W-1_RB2in_3B 0 0 0 0 839.385 0.0589654
W-1_RB2out_3F 0 0 0 0 3369.83 0.128553
W-1_RB1out_3F 1 0 1 0 9359.41 0.42984
W-1_RB1in_3F 1 0 0 0 4768.68 0.219006
W-1_RB2out_3B 0 4 0 0 1132.58 0.0468875
W-1_RB1out_3B 2 0 0 0 3478.91 0.173387
W-1_RB1in_3B 3 0 0 0 2912.37 0.145151
W-1_RB4_10+F 0 0 0 0 7436.92 0.239518
W-1_RB4_10-F 0 1 0 0 2828.99 0.0911118
W-1_RB3_10F 0 0 0 0 6631.03 0.357862
W-1_RB4_10+B 2 0 0 0 4317.89 0.148938
W-1_RB4_10-B 4 0 0 0 3239.75 0.111749
W-1_RB3_10B 1 0 0 0 8054.2 0.465528
W-1_RB2in_10F 0 0 0 0 772.367 0.0365538
W-1_RB2in_10C 0 0 0 0 662.923 0.033666
W-1_RB2in_10B 0 0 0 0 846.177 0.0443694
W-1_RB2out_10F 0 0 0 0 4463.28 0.143747
W-1_RB1out_10F 0 0 0 0 6553.1 0.254083
W-1_RB1in_10F 0 0 0 0 6836.9 0.265086
W-1_RB2out_10B 0 0 0 0 2282.37 0.0787262
W-1_RB1out_10B 0 0 0 0 7070.99 0.293629
W-1_RB1in_10B 0 0 0 0 5566.22 0.231142
W-1_RB4_11F 0 0 0 0 1465.72 0.0591263
W-1_RB3_11F 29 11 4 0 8721.79 0.470695
W-1_RB4_11B 0 0 0 0 1752.93 0.0757328
W-1_RB3_11B 41 21 5 0 78385.7 4.53065
W-1_RB2in_11F 0 0 0 0 1758.26 0.0832131
W-1_RB2in_11C 0 0 0 0 3268.54 0.16599
W-1_RB2in_11B 0 0 0 0 1428.57 0.074907
W-1_RB2out_11F 0 0 0 0 3854.96 0.124155
W-1_RB1out_11F 0 0 0 0 24214.2 0.938857
W-1_RB1in_11F 0 0 0 0 21675.9 0.840439
W-1_RB2out_11B 0 0 0 0 2634.3 0.0908654
W-1_RB1out_11B 0 0 0 0 19635.6 0.815385
W-1_RB1in_11B 0 0 0 0 34942.9 1.45103
W-1_RB4_12+F 0 0 0 0 49152.4 1.98278
W-1_RB3_12F 2 0 40 0 2699.87 0.145706
W-1_RB4_12+B 0 0 0 0 33644.2 1.45355
W-1_RB3_12B 3 0 39 0 2391.24 0.138212
W-1_RB2in_12F 1 0 0 0 2960.82 0.140127
W-1_RB2in_12C 0 0 0 0 3734.09 0.189632
W-1_RB2in_12B 1 0 0 0 3809.62 0.199758
W-1_RB2out_12F 0 0 0 0 5753.61 0.185304
W-1_RB1out_12F 7 0 0 0 2599.26 0.100781
W-1_RB1in_12F 0 0 0 0 13203 0.51192
W-1_RB2out_12B 0 0 0 0 7165.57 0.247164
W-1_RB1out_12B 0 0 0 0 1901.5 0.0789612
W-1_RB1in_12B 0 0 0 0 9932.47 0.412454
