322619  -61885899187
RE+1_2_36 0 0 0 0 13200.3 1.12179
RE+1_2_01 0 2 0 0 5427.85 0.461272
RE+1_2_02 0 0 0 0 2969.7 0.252372
RE+1_3_36 0 0 0 0 3221.37 0.179896
RE+1_3_01 0 0 0 0 4941.14 0.275936
RE+1_3_02 0 0 0 0 4970.46 0.277573
RE+2_2_02 0 0 0 0 5970.06 0.503177
RE+2_2_03 0 0 0 0 12159.5 1.02484
RE+2_2_04 1 0 0 0 5660.77 0.477109
RE+2_3_02 0 0 0 0 6255.26 0.31741
RE+2_3_03 0 0 0 0 4998.94 0.253661
RE+2_3_04 0 0 0 0 4677.97 0.237374
RE+1_2_03 0 0 0 0 2073.16 0.176182
RE+1_2_04 0 1 0 0 10405.9 0.884321
RE+1_2_05 0 0 0 0 2965.07 0.251978
RE+1_3_03 0 0 0 0 3004.53 0.167787
RE+1_3_04 12 0 0 0 3670.41 0.204973
RE+1_3_05 0 0 0 0 7951.05 0.444023
RE+2_2_05 0 0 0 0 6901.47 0.58168
RE+2_2_06 0 0 0 0 4195.92 0.353647
RE+2_2_07 0 0 0 0 4698.86 0.396037
RE+2_3_05 0 0 0 0 9539.34 0.484054
RE+2_3_06 0 0 0 0 3647.16 0.185068
RE+2_3_07 0 0 0 0 3880.01 0.196883
RE+1_1_03 0 0 0 0 1207.87 0.712145
RE+1_1_04 0 0 0 0 11041.8 6.51012
RE+1_2_06 8 0 0 0 8292.16 0.704687
RE+1_2_07 0 0 0 0 3688.46 0.313454
RE+1_2_08 0 1 1 0 1607.29 0.136591
RE+1_3_06 0 0 0 0 3514.73 0.196278
RE+1_3_07 0 0 0 0 4311.8 0.240791
RE+1_3_08 0 0 0 0 4022.94 0.22466
RE+1_1_01 0 0 0 0 217338 128.14
RE+1_1_02 1 1 0 0 1461.34 0.861587
RE+2_2_08 0 0 0 0 6685.54 0.563481
RE+2_2_09 0 0 0 0 4733.66 0.39897
RE+2_2_10 0 0 0 0 5838.05 0.492051
RE+2_3_08 2 0 0 0 5779.71 0.293279
RE+2_3_09 0 0 0 0 5603.89 0.284358
RE+2_3_10 0 0 0 0 4537.75 0.230258
RE+1_2_27 0 0 0 0 10316.9 0.876755
RE+1_2_28 0 0 0 0 6063.47 0.515288
RE+1_2_29 0 4 4 0 27754.5 2.35865
RE+1_3_27 0 0 0 0 3398.88 0.189809
RE+1_3_28 1 0 0 0 3331.89 0.186068
RE+1_3_29 0 4 2 0 3566.9 0.199192
RE+2_2_29 0 0 0 0 6345.32 0.534805
RE+2_2_30 0 0 0 0 7898.96 0.665752
RE+2_2_31 0 0 0 0 6194.74 0.522114
RE+2_3_29 0 0 0 0 13439.1 0.681939
RE+2_3_30 0 0 0 0 37557.8 1.90579
RE+2_3_31 0 0 0 0 32274.7 1.63771
RE+1_2_30 0 0 0 0 1438.38 0.122237
RE+1_2_31 0 0 0 0 5104.45 0.433788
RE+1_2_32 0 0 0 0 947.64 0.0805327
RE+1_3_30 0 0 0 0 1271.97 0.0710325
RE+1_3_31 0 0 0 0 2964.29 0.165539
RE+1_3_32 0 0 0 0 3978.88 0.222199
RE+2_2_32 0 0 0 0 7875.33 0.66376
RE+2_2_33 0 0 0 0 5071.61 0.427453
RE+2_2_34 0 0 0 0 5142.1 0.433394
RE+2_3_32 0 0 0 0 28908.4 1.46689
RE+2_3_33 0 0 0 0 7280.14 0.369416
RE+2_3_34 0 0 0 0 4676.17 0.237282
RE+1_2_33 0 0 0 0 4692.35 0.398767
RE+1_2_34 2 1 1 0 8723.93 0.74138
RE+1_2_35 95 1 1 0 0 0
RE+1_3_33 0 0 0 0 8229.7 0.459584
RE+1_3_34 0 0 0 0 2495.06 0.139336
RE+1_3_35 0 0 0 0 5093.24 0.28443
RE+2_2_35 0 0 0 0 5680.03 0.478733
RE+2_2_36 0 0 0 0 3815.78 0.321607
RE+2_2_01 1 1 1 0 3720.51 0.313578
RE+2_3_35 0 0 0 0 8761.08 0.444563
RE+2_3_36 0 0 0 0 4900.46 0.248664
RE+2_3_01 1 0 0 0 3254.27 0.165131
