322619  -61885899187
W-2_RB4_1+F 27 5 17 0 4909.27 0.198038
W-2_RB3_1F 0 0 0 0 3231.01 0.17437
W-2_RB4_1+B 30 12 9 0 5894.21 0.254651
W-2_RB3_1B 3 0 0 0 7011.02 0.405233
W-2_RB2out_1F 0 0 0 0 2229.79 0.105529
W-2_RB2out_1C 0 0 0 0 2580.71 0.131059
W-2_RB2out_1B 1 0 0 0 1459.23 0.076515
W-2_RB2in_1F 0 0 0 0 7358.34 0.236987
W-2_RB1out_1F 0 0 0 0 3250.82 0.126044
W-2_RB1in_1F 1 0 0 0 6799.53 0.263638
W-2_RB2in_1B 0 0 0 0 3247.53 0.112018
W-2_RB1out_1B 0 0 0 0 2875.43 0.119405
W-2_RB1in_1B 1 0 0 0 5432.64 0.225595
W-2_RB4_2+F 1 0 0 0 107213 4.3249
W-2_RB3_2F 39 3 1 0 1139.15 0.0614772
W-2_RB4_2+B 1 0 0 0 74857.7 3.23413
W-2_RB3_2B 34 8 0 0 930.104 0.0537595
W-2_RB2out_2F 0 0 0 0 2957.67 0.139978
W-2_RB2out_2C 0 0 0 0 3807.47 0.193359
W-2_RB2out_2B 0 0 0 0 3765.92 0.197466
W-2_RB2in_2F 1 0 0 0 2673.47 0.0861031
W-2_RB1out_2F 0 0 0 0 38475 1.49179
W-2_RB1in_2F 1 0 0 0 9649.04 0.374122
W-2_RB2in_2B 0 1 1 0 1313.83 0.0453182
W-2_RB1out_2B 1 0 0 0 18592.3 0.772062
W-2_RB1in_2B 4 0 0 0 5583.15 0.231845
W-2_RB4_3+F 0 0 0 0 67665.5 2.72959
W-2_RB3_3F 42 0 0 0 2521.16 0.136061
W-2_RB4_3+B 0 0 0 0 361207 15.6055
W-2_RB3_3B 42 10 10 0 749.934 0.0433458
W-2_RB2out_3F 1 0 0 0 2484.07 0.117564
W-2_RB2out_3C 0 0 0 0 4760.6 0.241763
W-2_RB2out_3B 0 0 0 0 2215.25 0.116157
W-2_RB2in_3F 1 7 7 0 13505.3 0.43496
W-2_RB1out_3F 0 0 0 0 13497.8 0.523348
W-2_RB1in_3F 0 0 0 0 24248.8 0.940196
W-2_RB2in_3B 0 0 0 0 8697.89 0.300018
W-2_RB1out_3B 0 0 0 0 16022.9 0.665364
W-2_RB1in_3B 0 0 0 0 21648 0.898949
W-2_RB4_10+F 0 0 0 0 2057.74 0.0662727
W-2_RB4_10-F 0 0 0 0 3447.19 0.111022
W-2_RB3_10F 0 0 0 0 5830.15 0.31464
W-2_RB4_10+B 0 0 0 0 960.407 0.0331275
W-2_RB4_10-B 0 0 0 0 3849.6 0.132785
W-2_RB3_10B 0 0 0 0 2045.49 0.118228
W-2_RB2out_10F 0 0 0 0 8215.88 0.388833
W-2_RB2out_10C 0 2 2 0 8910 0.452486
W-2_RB2out_10B 0 0 0 0 6177.4 0.323913
W-2_RB2in_10F 0 0 0 0 2330.66 0.0750624
W-2_RB1out_10F 0 0 0 0 15319.4 0.593978
W-2_RB1in_10F 0 4 0 0 26629.1 1.03249
W-2_RB2in_10B 0 0 0 0 1814.42 0.0625851
W-2_RB1out_10B 0 4 0 0 6006.41 0.249421
W-2_RB1in_10B 0 0 0 0 4408.65 0.183073
W-2_RB4_11F 0 0 0 0 2009.38 0.0810574
W-2_RB3_11F 1 0 0 0 5176.46 0.279362
W-2_RB4_11B 0 0 0 0 664.187 0.0286953
W-2_RB3_11B 1 0 0 0 7126.6 0.411914
W-2_RB2out_11F 1 0 0 0 2356.25 0.111514
W-2_RB2out_11C 0 0 0 0 4705.54 0.238966
W-2_RB2out_11B 0 0 0 0 2249.65 0.11796
W-2_RB2in_11F 0 0 0 0 8901.64 0.286691
W-2_RB1out_11F 0 0 0 0 29674.6 1.15057
W-2_RB1in_11F 0 0 0 0 14152.8 0.548745
W-2_RB2in_11B 1 0 0 0 4998.46 0.172413
W-2_RB1out_11B 7 0 0 0 18525.5 0.769287
W-2_RB1in_11B 11 14 0 0 10531.4 0.437326
W-2_RB4_12+F 0 0 0 0 17415.6 0.702536
W-2_RB3_12F 5 0 37 0 12890.8 0.695688
W-2_RB4_12+B 0 0 0 0 19660.8 0.849417
W-2_RB3_12B 24 0 18 0 6960.86 0.402334
W-2_RB2out_12F 0 0 0 0 3429.08 0.162288
W-2_RB2out_12C 0 0 0 0 2955.14 0.150074
W-2_RB2out_12B 0 0 0 0 2567.42 0.134623
W-2_RB2in_12F 0 1 1 0 12448.6 0.400926
W-2_RB1out_12F 2 0 0 0 4870.07 0.188827
W-2_RB1in_12F 0 0 0 0 59589.1 2.31044
W-2_RB2in_12B 0 0 0 0 11118.3 0.383506
W-2_RB1out_12B 1 0 0 0 7878.66 0.327168
W-2_RB1in_12B 0 0 0 0 48977.9 2.03385
