322619  -61885899187
RE+4_2_33 0 0 0 0 6185.23 0.521312
RE+4_2_34 0 1 0 0 9274.93 0.781723
RE+4_2_35 0 2 0 0 9632.21 0.811836
RE+4_3_33 0 0 0 0 16063 0.815082
RE+4_3_34 0 0 0 0 8715.15 0.442232
RE+4_3_35 0 1 0 0 10463.6 0.530955
RE+4_2_36 0 1 0 0 8562 0.721635
RE+4_2_01 0 1 0 0 12006.4 1.01194
RE+4_2_02 0 1 0 0 7207.64 0.607485
RE+4_3_36 0 0 0 0 9658.32 0.490091
RE+4_3_01 0 0 0 0 9493.51 0.481728
RE+4_3_02 0 9 1 0 8863.73 0.449771
RE+4_2_03 0 0 0 0 7365.88 0.620822
RE+4_2_04 0 2 0 0 6399.17 0.539345
RE+4_2_05 0 1 0 0 15168 1.27842
RE+4_3_03 0 1 0 0 7469.66 0.379032
RE+4_3_04 0 1 0 0 9586.54 0.486449
RE+4_3_05 0 1 0 0 8162.6 0.414194
RE+4_2_06 0 1 0 0 12576.2 1.05997
RE+4_2_07 0 2 0 0 7280.11 0.613593
RE+4_2_08 0 1 0 0 24463.5 2.06187
RE+4_3_06 0 0 0 0 10183.5 0.51674
RE+4_3_07 0 0 0 0 15278.3 0.775263
RE+4_3_08 0 0 0 0 11093 0.562889
RE+4_2_27 0 0 0 0 10432.8 0.879314
RE+4_2_28 0 2 0 0 11763.8 0.991494
RE+4_2_29 0 0 0 0 10953.2 0.923171
RE+4_3_27 0 0 0 0 14266.8 0.723937
RE+4_3_28 0 0 0 0 10089.7 0.511979
RE+4_3_29 0 0 0 0 10557 0.535691
RE+4_2_30 0 0 0 0 10749.9 0.90604
RE+4_2_31 0 0 0 0 4477.59 0.377387
RE+4_2_32 15 0 0 0 3741.2 0.315321
RE+4_3_30 0 0 0 0 17023.6 0.863825
RE+4_3_31 0 0 0 0 13981.7 0.709472
RE+4_3_32 0 0 0 0 7313.14 0.37109
RE+3_2_03 0 0 0 0 5804.99 0.489265
RE+3_2_04 0 0 0 0 4141.42 0.349053
RE+3_2_05 0 0 0 0 2586.68 0.218014
RE+3_3_03 0 0 0 0 9783.69 0.496453
RE+3_3_04 0 0 0 0 13499.3 0.684996
RE+3_3_05 0 8 8 0 6705.75 0.340269
RE+3_2_06 0 0 0 0 5121.58 0.431664
RE+3_2_07 0 0 0 0 7479.48 0.630397
RE+3_2_08 0 1 1 0 5728.72 0.482837
RE+3_3_06 0 1 1 0 4622.59 0.234563
RE+3_3_07 0 0 0 0 9805.81 0.497575
RE+3_3_08 0 0 0 0 14694.5 0.745641
RE+3_2_33 0 0 0 0 6201.97 0.522724
RE+3_2_34 0 0 0 0 5204.2 0.438628
RE+3_2_35 0 0 0 0 4797.12 0.404318
RE+3_3_33 0 0 0 0 6287.79 0.319061
RE+3_3_34 0 0 0 0 7330.64 0.371978
RE+3_3_35 0 0 0 0 10414.6 0.528466
RE+3_2_36 0 0 0 0 5193.61 0.437736
RE+3_2_01 0 0 0 0 5636.43 0.475058
RE+3_2_02 0 0 0 0 6628.45 0.558669
RE+3_3_36 0 0 0 0 3966.82 0.201288
RE+3_3_01 0 0 0 0 6570.19 0.333391
RE+3_3_02 0 0 0 0 8343.26 0.423361
RE+3_2_27 0 0 0 0 3595.11 0.303009
RE+3_2_28 0 0 0 0 6076.53 0.512151
RE+3_2_29 0 0 0 0 4556.97 0.384078
RE+3_3_27 0 0 0 0 8205.97 0.416395
RE+3_3_28 0 0 0 0 11528.4 0.584987
RE+3_3_29 1 0 0 0 3556.97 0.180491
RE+3_2_30 0 0 0 0 3448.39 0.290642
RE+3_2_31 0 0 0 0 6193.4 0.522001
RE+3_2_32 0 0 0 0 6076.32 0.512134
RE+3_3_30 0 0 0 0 5891.36 0.298945
RE+3_3_31 0 0 0 0 5698.39 0.289153
RE+3_3_32 0 0 0 0 13176.2 0.668598
