322619  -61885899187
RE+1_2_09 0 0 0 0 3028.94 0.257406
RE+1_2_10 0 0 0 0 6107.25 0.519009
RE+1_2_11 1 2 0 0 4357.17 0.370283
RE+1_3_09 0 0 0 0 3392.96 0.189478
RE+1_3_10 2 0 0 0 1817.23 0.101483
RE+1_3_11 0 0 0 0 5004.89 0.279496
RE+2_2_11 0 0 0 0 6640.82 0.559711
RE+2_2_12 0 0 0 0 3959.19 0.333694
RE+2_2_13 0 0 0 0 4491.94 0.378596
RE+2_3_11 0 0 0 0 2786.83 0.141412
RE+2_3_12 0 0 0 0 4386.98 0.222608
RE+2_3_13 0 0 0 0 3762.65 0.190928
RE+1_2_12 0 0 0 0 7254.88 0.616536
RE+1_2_13 0 0 0 0 6277.16 0.533448
RE+1_2_14 1 0 0 0 8058.32 0.684815
RE+1_3_12 0 0 0 0 2349.62 0.131214
RE+1_3_13 0 0 0 0 4928.55 0.275233
RE+1_3_14 0 0 0 0 2791.18 0.155872
RE+2_2_14 0 0 0 0 8905.94 0.750624
RE+2_2_15 0 0 0 0 3060.55 0.257954
RE+2_2_16 0 0 0 0 4926.06 0.415186
RE+2_3_14 0 0 0 0 8585.94 0.435675
RE+2_3_15 0 0 0 0 4786.75 0.242894
RE+2_3_16 0 0 0 0 4890.94 0.248181
RE+1_2_15 0 0 0 0 5298.05 0.450241
RE+1_2_16 1 0 0 0 8553.29 0.726878
RE+1_2_17 0 0 0 0 11101.6 0.943441
RE+1_3_15 0 0 0 0 2986.2 0.166763
RE+1_3_16 0 0 0 0 2710.14 0.151347
RE+1_3_17 0 0 0 0 5349.88 0.298762
RE+2_2_17 0 0 0 0 7225.68 0.609006
RE+2_2_18 0 0 0 0 7622.13 0.64242
RE+2_2_19 0 0 0 0 6093.43 0.513576
RE+2_3_17 1 0 0 0 8508.71 0.431757
RE+2_3_18 1 0 0 0 6544.11 0.332067
RE+2_3_19 0 0 0 0 3495.22 0.177357
RE+1_2_18 1 1 1 0 4437.44 0.377104
RE+1_2_19 0 0 0 0 4041 0.343414
RE+1_2_20 0 0 0 0 4164.57 0.353915
RE+1_3_18 0 0 0 0 4665.11 0.260521
RE+1_3_19 0 0 0 0 4513.24 0.25204
RE+1_3_20 0 0 0 0 6092.07 0.340209
RE+2_2_20 0 0 0 0 4994.16 0.420926
RE+2_2_21 0 0 0 0 6893.62 0.581019
RE+2_2_22 0 0 0 0 10132.5 0.854004
RE+2_3_20 0 0 0 0 9715.55 0.492995
RE+2_3_21 0 0 0 0 26192.1 1.32907
RE+2_3_22 0 0 0 0 7202.41 0.365471
RE+1_2_21 0 0 0 0 5705.49 0.484866
RE+1_2_22 1 0 0 0 5171.19 0.43946
RE+1_2_23 0 0 0 0 6698.95 0.569292
RE+1_3_21 0 0 0 0 5505.47 0.30745
RE+1_3_22 0 0 0 0 2026.12 0.113148
RE+1_3_23 0 0 0 0 4801.76 0.268152
RE+2_2_23 0 0 0 0 4977.36 0.419509
RE+2_2_24 0 0 0 0 7845.76 0.661268
RE+2_2_25 0 0 0 0 6141.76 0.517649
RE+2_3_23 0 0 0 0 7085.22 0.359524
RE+2_3_24 0 0 0 0 33743.9 1.71226
RE+2_3_25 0 0 0 0 7274.65 0.369137
RE+1_2_24 0 0 0 0 3425.99 0.291148
RE+1_2_25 17 0 0 0 7322.27 0.622264
RE+1_2_26 0 0 0 0 3269.73 0.277869
RE+1_3_24 0 0 0 0 2344.19 0.13091
RE+1_3_25 0 0 0 0 3332.91 0.186125
RE+1_3_26 1 0 0 0 7271.85 0.406093
RE+2_2_26 0 0 0 0 7919.68 0.667498
RE+2_2_27 0 0 0 0 8448.45 0.712065
RE+2_2_28 0 0 0 0 6215.48 0.523863
RE+2_3_26 0 0 0 0 7409.2 0.375964
RE+2_3_27 0 0 0 0 27543.1 1.39762
RE+2_3_28 0 0 0 0 36974.5 1.87619
