322619  -61885899187
RE-4_2_09 0 1 0 0 8590.64 0.724049
RE-4_2_10 0 0 0 0 10502 0.885146
RE-4_2_11 0 1 0 0 11743.5 0.989779
RE-4_3_09 0 0 0 0 13625.4 0.69139
RE-4_3_10 0 0 0 0 10497.4 0.532669
RE-4_3_11 0 0 0 0 4968.51 0.252117
RE-4_2_12 0 0 0 0 10556.7 0.889757
RE-4_2_13 0 5 0 0 14090.4 1.18759
RE-4_2_14 0 0 0 0 8991.22 0.757811
RE-4_3_12 0 0 0 0 22741.8 1.15399
RE-4_3_13 0 0 0 0 15888.7 0.806236
RE-4_3_14 0 0 0 0 19981.2 1.01391
RE-4_2_15 0 2 0 0 11987.9 1.01038
RE-4_2_16 0 1 0 0 12538.5 1.05679
RE-4_2_17 0 0 0 0 19487.8 1.6425
RE-4_3_15 0 1 0 0 12536.3 0.636129
RE-4_3_16 0 0 0 0 27807.7 1.41104
RE-4_3_17 0 0 0 0 18961.5 0.962159
RE-4_2_18 0 2 1 0 5470.71 0.46109
RE-4_2_19 0 2 0 0 9673.49 0.815315
RE-4_2_20 0 1 0 0 11261.5 0.949159
RE-4_3_18 0 0 0 0 8744.05 0.443699
RE-4_3_19 0 0 0 0 28557.3 1.44908
RE-4_3_20 0 2 1 0 17917.3 0.909175
RE-4_2_21 0 2 0 0 11595.2 0.977284
RE-4_2_22 0 2 0 0 2240.33 0.188823
RE-4_2_23 0 1 0 0 9206.21 0.775932
RE-4_3_21 0 0 0 0 4119.78 0.20905
RE-4_3_22 0 1 0 0 12908.4 0.655007
RE-4_3_23 0 1 0 0 28215.6 1.43174
RE-4_2_24 0 0 0 0 9873.38 0.832163
RE-4_2_25 0 0 0 0 7974.31 0.672102
RE-4_2_26 0 1 0 0 11018.2 0.928652
RE-4_3_24 0 1 0 0 16034 0.813609
RE-4_3_25 0 0 0 0 12795.4 0.649274
RE-4_3_26 0 4 1 0 13850.4 0.702809
RE-3_2_09 1 1 0 0 5009.06 0.422181
RE-3_2_10 0 0 0 0 5121.41 0.431651
RE-3_2_11 0 1 0 0 4829.52 0.407049
RE-3_3_09 0 0 0 0 8588.26 0.435793
RE-3_3_10 0 0 0 0 8280.44 0.420173
RE-3_3_11 1 0 0 0 10080.1 0.511495
RE-3_2_12 0 0 0 0 5236.6 0.441359
RE-3_2_13 0 0 0 0 4906.47 0.413534
RE-3_2_14 0 0 0 0 4374.74 0.368718
RE-3_3_12 0 0 0 0 7884.94 0.400105
RE-3_3_13 0 0 0 0 9644.98 0.489414
RE-3_3_14 0 0 0 0 11423.6 0.579666
RE-3_2_15 0 0 0 0 3740.93 0.315299
RE-3_2_16 0 0 0 0 5760.42 0.485508
RE-3_2_17 0 0 0 0 4431.18 0.373475
RE-3_3_15 0 0 0 0 8940.93 0.453689
RE-3_3_16 0 0 0 0 11098.3 0.563162
RE-3_3_17 1 0 0 0 7598.4 0.385565
RE-3_2_18 0 0 0 0 4439.46 0.374173
RE-3_2_19 0 0 0 0 3619.88 0.305096
RE-3_2_20 2 0 0 0 1806.02 0.152218
RE-3_3_18 0 0 0 0 13637.7 0.692017
RE-3_3_19 16 0 0 0 4384.25 0.22247
RE-3_3_20 0 0 0 0 6233.57 0.31631
RE-3_2_21 0 0 0 0 4980.31 0.419758
RE-3_2_22 0 0 0 0 3594.19 0.302931
RE-3_2_23 0 0 0 0 6237.54 0.525722
RE-3_3_21 0 0 0 0 7665.58 0.388974
RE-3_3_22 0 0 0 0 3724.97 0.189016
RE-3_3_23 1 0 0 0 5908.86 0.299833
RE-3_2_24 1 0 0 0 4282.23 0.360922
RE-3_2_25 0 0 0 0 3109.05 0.262042
RE-3_2_26 0 0 0 0 3465.75 0.292105
RE-3_3_24 1 0 0 0 9127.98 0.46318
RE-3_3_25 0 0 0 0 3525.96 0.178917
RE-3_3_26 0 0 0 0 8497.77 0.431201
