322619  -61885899187
W-1_RB4_4+F 63 0 9 0 0 0
W-1_RB4_4-F 1 0 0 0 37075.7 2.00089
W-1_RB3_4F 0 0 0 0 58640.4 3.16469
W-1_RB4_4+B 62 1 10 0 0 0
W-1_RB4_4-B 0 0 0 0 45440.2 2.62642
W-1_RB3_4B 0 0 0 0 49000.9 2.83222
W-1_RB2in_4F 0 0 0 0 14491 0.685813
W-1_RB2in_4C 0 0 0 0 3290.49 0.167105
W-1_RB2in_4B 1 0 0 0 3347.32 0.175517
W-1_RB2out_4F 64 18 6 0 0 0
W-1_RB1out_4F 0 0 0 0 1341.34 0.0520075
W-1_RB1in_4F 2 0 0 0 9045.84 0.350734
W-1_RB2out_4B 68 15 6 0 0 0
W-1_RB1out_4B 84 0 0 0 1.43992 5.97938e-05
W-1_RB1in_4B 1 0 0 0 9443.04 0.39213
W-1_RB4_5+F 79 16 4 0 0 0
W-1_RB3_5F 0 0 0 0 3873.34 0.209035
W-1_RB4_5+B 95 0 1 0 0 0
W-1_RB3_5B 1 0 0 0 3062.38 0.177004
W-1_RB2in_5F 0 1 1 0 1110.15 0.05254
W-1_RB2in_5C 0 0 0 0 471.624 0.023951
W-1_RB2in_5B 0 0 0 0 382.741 0.0200691
W-1_RB2out_5F 0 0 0 0 2453.28 0.0790115
W-1_RB1out_5F 0 0 0 0 7540.44 0.292365
W-1_RB1in_5F 1 0 0 0 11336.1 0.439534
W-1_RB2out_5B 0 0 0 0 1718.49 0.0592763
W-1_RB1out_5B 0 0 0 0 4444.52 0.184562
W-1_RB1in_5B 0 0 0 0 3566.77 0.148113
W-1_RB4_6+F 0 19 0 4 480585 19.3865
W-1_RB3_6F 0 0 0 0 1820.48 0.0982472
W-1_RB4_6+B 0 7 0 10 2.01319e+06 86.9771
W-1_RB3_6B 1 1 1 0 1569.86 0.0907372
W-1_RB2in_6F 0 0 0 0 2043.19 0.0966982
W-1_RB2in_6C 0 0 0 0 2600 0.132039
W-1_RB2in_6B 8 0 0 0 1241.16 0.0650806
W-1_RB2out_6F 0 0 0 0 2155.08 0.0694076
W-1_RB1out_6F 0 0 0 0 6136.96 0.237948
W-1_RB1in_6F 0 0 0 0 7938.4 0.307795
W-1_RB2out_6B 0 1 0 0 1603.42 0.0553071
W-1_RB1out_6B 1 0 0 0 2077.58 0.0862733
W-1_RB1in_6B 0 0 0 0 4799.89 0.199319
W-1_RB4_7+F 17 62 61 0 0 0
W-1_RB3_7F 0 0 0 0 2501.24 0.134986
W-1_RB4_7+B 50 25 46 0 0 0
W-1_RB3_7B 0 0 0 0 4347.5 0.251283
W-1_RB2in_7F 0 0 0 0 1500.1 0.0709954
W-1_RB2in_7C 0 0 0 0 2933.79 0.14899
W-1_RB2in_7B 1 0 0 0 1594.89 0.0836283
W-1_RB2out_7F 84 0 0 0 2.58439 8.32341e-05
W-1_RB1out_7F 0 0 0 0 2545.28 0.0986881
W-1_RB1in_7F 0 0 0 0 2085.63 0.0808659
W-1_RB2out_7B 84 0 0 0 0.536009 1.84887e-05
W-1_RB1out_7B 0 0 0 0 1720.73 0.0714547
W-1_RB1in_7B 0 0 0 0 1297.5 0.0538796
W-1_RB4_8+F 76 3 6 0 0 0
W-1_RB3_8F 1 0 0 0 14215.8 0.767194
W-1_RB4_8+B 72 12 2 0 0 0
W-1_RB3_8B 0 0 0 0 7065.85 0.408402
W-1_RB2in_8F 0 1 0 0 3441.29 0.162866
W-1_RB2in_8C 0 0 0 0 3782.54 0.192093
W-1_RB2in_8B 1 0 0 0 3115.22 0.163347
W-1_RB2out_8F 0 0 0 0 11912.5 0.383659
W-1_RB1out_8F 0 1 0 0 10392.1 0.402933
W-1_RB1in_8F 0 0 0 0 44535.7 1.72678
W-1_RB2out_8B 0 4 4 0 5127.94 0.176879
W-1_RB1out_8B 0 0 0 0 13777.7 0.572129
W-1_RB1in_8B 8 1 0 0 15083.2 0.626343
W-1_RB4_9F 0 0 0 0 7941.7 0.320364
W-1_RB3_9F 0 10 10 0 3252.31 0.17552
W-1_RB4_9B 1 0 0 0 8989.02 0.388358
W-1_RB3_9B 1 0 0 0 4508.35 0.26058
W-1_RB2in_9F 0 0 0 0 2489.3 0.117811
W-1_RB2in_9C 1 3 0 0 2133.1 0.108328
W-1_RB2in_9B 0 0 0 0 2078.27 0.108974
W-1_RB2out_9F 0 0 0 0 6254.08 0.201422
W-1_RB1out_9F 0 0 0 0 7783.62 0.301794
W-1_RB1in_9F 0 0 0 0 20356.3 0.789274
W-1_RB2out_9B 0 1 0 0 2113.36 0.0728966
W-1_RB1out_9B 1 0 0 0 7041.02 0.292384
W-1_RB1in_9B 0 0 0 0 3938.17 0.163536
