322619  -61885899187
RE-4_2_33 0 1 0 0 4587.64 0.386663
RE-4_2_34 0 2 0 0 11363 0.957717
RE-4_2_35 0 1 1 0 19096.2 1.6095
RE-4_3_33 0 0 0 0 18019.4 0.914357
RE-4_3_34 0 0 0 0 13850.3 0.702806
RE-4_3_35 1 1 0 0 19173.2 0.972903
RE-4_2_36 0 2 0 0 9806.69 0.826542
RE-4_2_01 0 1 0 0 11331.6 0.955071
RE-4_2_02 0 1 0 0 16268 1.37113
RE-4_3_36 0 1 0 0 16158 0.819905
RE-4_3_01 2 1 0 0 15852.4 0.804396
RE-4_3_02 0 0 0 0 11055.7 0.560998
RE-4_2_03 0 1 0 0 10698.3 0.901691
RE-4_2_04 0 1 0 0 12168.2 1.02558
RE-4_2_05 0 2 0 0 8022.61 0.676173
RE-4_3_03 1 0 0 0 15325.3 0.77765
RE-4_3_04 0 0 0 0 13272.2 0.673472
RE-4_3_05 0 1 0 0 12766.6 0.647812
RE-4_2_06 0 1 0 0 14525.1 1.22423
RE-4_2_07 0 0 0 0 5238.96 0.441558
RE-4_2_08 0 1 0 0 17630.3 1.48594
RE-4_3_06 0 1 0 0 13811.8 0.700851
RE-4_3_07 0 0 0 0 18606.1 0.944129
RE-4_3_08 0 0 0 0 11279.8 0.57237
RE-4_2_27 0 0 0 0 6802.03 0.573299
RE-4_2_28 0 1 0 0 20138.8 1.69736
RE-4_2_29 0 2 0 0 13233.9 1.1154
RE-4_3_27 0 0 0 0 23407.5 1.18777
RE-4_3_28 0 0 0 0 17312.9 0.878507
RE-4_3_29 0 0 0 0 34806.1 1.76616
RE-4_2_30 0 6 5 0 6320.08 0.532678
RE-4_2_31 0 2 0 0 15884.5 1.3388
RE-4_2_32 0 1 0 0 10423.9 0.878565
RE-4_3_30 0 3 0 0 33995.5 1.72503
RE-4_3_31 0 2 2 0 15077.8 0.765093
RE-4_3_32 0 1 1 0 12412.6 0.629853
RE-3_2_33 0 1 0 0 4153.32 0.350056
RE-3_2_34 0 0 0 0 3514.86 0.296245
RE-3_2_35 0 0 0 0 3461.56 0.291752
RE-3_3_33 1 0 0 0 8625.21 0.437668
RE-3_3_34 0 0 0 0 7651.36 0.388252
RE-3_3_35 0 0 0 0 6480.55 0.328842
RE-3_2_36 1 0 0 0 10242.8 0.8633
RE-3_2_01 1 0 0 0 4785.06 0.403302
RE-3_2_02 1 0 0 0 3136.58 0.264362
RE-3_3_36 0 0 0 0 7534.79 0.382337
RE-3_3_01 0 0 0 0 4413.26 0.223941
RE-3_3_02 0 0 0 0 7495.15 0.380326
RE-3_2_03 0 1 0 0 4013.88 0.338304
RE-3_2_04 0 1 0 0 4602.97 0.387955
RE-3_2_05 0 0 0 0 4794.52 0.404099
RE-3_3_03 0 0 0 0 8650.54 0.438954
RE-3_3_04 0 1 1 0 6933.23 0.351812
RE-3_3_05 1 0 0 0 7871.38 0.399417
RE-3_2_06 0 0 0 0 5388.27 0.454142
RE-3_2_07 0 1 1 0 4317.73 0.363913
RE-3_2_08 0 0 0 0 9832.82 0.828745
RE-3_3_06 0 1 0 0 17683.4 0.897305
RE-3_3_07 0 0 0 0 5744.86 0.291511
RE-3_3_08 0 0 0 0 8959.46 0.454629
RE-3_2_27 0 0 0 0 3752.35 0.316262
RE-3_2_28 1 0 0 0 2902.18 0.244606
RE-3_2_29 0 1 1 0 3376.69 0.284599
RE-3_3_27 0 0 0 0 10083.3 0.511655
RE-3_3_28 1 0 0 0 4289.6 0.217667
RE-3_3_29 0 0 0 0 7959.07 0.403866
RE-3_2_30 1 0 0 0 2555.63 0.215397
RE-3_2_31 0 0 0 0 3641.64 0.30693
RE-3_2_32 1 1 0 0 3279.67 0.276422
RE-3_3_30 0 1 1 0 7136.09 0.362106
RE-3_3_31 0 0 0 0 6701.91 0.340075
RE-3_3_32 0 2 0 0 8659.92 0.43943
