322619  -61885899187
RE+4_2_09 0 0 0 0 11041.1 0.930582
RE+4_2_10 0 0 0 0 6382.2 0.537914
RE+4_2_11 0 0 0 0 11289.9 0.95155
RE+4_3_09 0 2 0 0 24486.1 1.24249
RE+4_3_10 0 1 0 0 10835.7 0.549836
RE+4_3_11 0 0 0 0 22944.5 1.16427
RE+4_2_12 0 1 0 0 11555.7 0.973951
RE+4_2_13 0 0 0 0 24084.9 2.02996
RE+4_2_14 0 1 0 0 66030.1 5.56525
RE+4_3_12 0 0 0 0 22043.1 1.11853
RE+4_3_13 0 0 0 0 7759.56 0.393743
RE+4_3_14 4 0 0 0 8041.42 0.408045
RE+4_2_15 0 1 0 0 13975.4 1.17789
RE+4_2_16 0 0 0 0 4846.27 0.40846
RE+4_2_17 0 0 0 0 14252.3 1.20123
RE+4_3_15 0 0 0 0 8731.71 0.443072
RE+4_3_16 0 0 0 0 11762.7 0.596872
RE+4_3_17 0 0 0 0 11311.8 0.573995
RE+4_2_18 0 0 0 0 4924.03 0.415015
RE+4_2_19 0 1 0 0 17468.7 1.47232
RE+4_2_20 0 0 0 0 8764.48 0.738701
RE+4_3_18 0 0 0 0 7421.22 0.376574
RE+4_3_19 0 0 0 0 17279.5 0.876813
RE+4_3_20 1 0 0 0 7501.75 0.380661
RE+4_2_21 0 0 0 0 19453.2 1.63959
RE+4_2_22 96 0 0 0 0 0
RE+4_2_23 2 5 3 0 8978.08 0.756704
RE+4_3_21 0 0 0 0 17238.2 0.874716
RE+4_3_22 16 0 0 0 137615 6.98298
RE+4_3_23 0 0 0 0 6367.85 0.323123
RE+4_2_24 96 0 0 0 0 0
RE+4_2_25 0 0 0 0 18720.8 1.57786
RE+4_2_26 0 0 0 0 16838.8 1.41924
RE+4_3_24 0 0 0 0 5451.51 0.276625
RE+4_3_25 0 0 0 0 8377.3 0.425088
RE+4_3_26 0 0 0 0 9129.88 0.463277
RE+3_2_09 0 0 0 0 7458.27 0.628609
RE+3_2_10 0 0 0 0 12049.6 1.01558
RE+3_2_11 0 0 0 0 8513.95 0.717585
RE+3_3_09 0 0 0 0 12052.6 0.611584
RE+3_3_10 0 0 0 0 14559.2 0.738776
RE+3_3_11 0 0 0 0 19931.2 1.01137
RE+3_2_12 0 1 0 0 5960.78 0.502395
RE+3_2_13 0 0 0 0 6790.94 0.572364
RE+3_2_14 0 0 0 0 6204.78 0.522961
RE+3_3_12 0 0 0 0 16574.2 0.841023
RE+3_3_13 0 0 0 0 8656.36 0.439249
RE+3_3_14 0 0 0 0 9458.08 0.47993
RE+3_2_15 0 0 0 0 6410.06 0.540262
RE+3_2_16 0 0 0 0 9270.59 0.781358
RE+3_2_17 0 0 0 0 8490.41 0.715601
RE+3_3_15 0 0 0 0 9784.64 0.496501
RE+3_3_16 1 0 0 0 15132.5 0.767865
RE+3_3_17 0 0 0 0 14292.1 0.725224
RE+3_2_18 0 0 0 0 4951.35 0.417317
RE+3_2_19 0 0 0 0 9244.44 0.779153
RE+3_2_20 0 0 0 0 8889.9 0.749272
RE+3_3_18 0 1 1 0 4647.86 0.235846
RE+3_3_19 0 0 0 0 6658.22 0.337857
RE+3_3_20 0 0 0 0 11977.2 0.607759
RE+3_2_21 0 0 0 0 5019.67 0.423076
RE+3_2_22 0 3 2 0 4777.49 0.402664
RE+3_2_23 0 0 0 0 7895.24 0.665439
RE+3_3_21 0 0 0 0 5133 0.260463
RE+3_3_22 0 0 0 0 6508.96 0.330283
RE+3_3_23 0 0 0 0 11772.9 0.597392
RE+3_2_24 0 0 0 0 4444.91 0.374633
RE+3_2_25 0 0 0 0 6524.42 0.549901
RE+3_2_26 0 0 0 0 6776.21 0.571123
RE+3_3_24 0 0 0 0 3809.87 0.193324
RE+3_3_25 0 0 0 0 15123.9 0.767429
RE+3_3_26 0 0 0 0 14872.3 0.754663
