322619  -61885899187
W+1_RB4_1+F 3 0 0 0 65263.1 2.63268
W+1_RB3_1F 1 0 0 1 107264 5.78879
W+1_RB4_1+B 1 0 0 0 81369.8 3.51547
W+1_RB3_1B 0 0 0 0 4152.61 0.240019
W+1_RB2in_1F 0 0 0 0 5338.18 0.25264
W+1_RB2in_1C 0 0 0 0 5202.34 0.264196
W+1_RB2in_1B 0 0 0 0 561.59 0.029447
W+1_RB2out_1F 0 0 0 0 4947.46 0.15934
W+1_RB1out_1F 2 0 0 0 1768.53 0.0685712
W+1_RB1in_1F 0 1 1 0 1617.79 0.0627265
W+1_RB2out_1B 2 0 0 0 4398.34 0.151713
W+1_RB1out_1B 3 11 12 0 2139.14 0.0888294
W+1_RB1in_1B 1 16 16 0 1982.67 0.082332
W+1_RB4_2+F 1 0 0 0 40129.8 1.61881
W+1_RB3_2F 0 0 0 0 19575.5 1.05645
W+1_RB4_2+B 0 0 0 0 56019.1 2.42023
W+1_RB3_2B 0 0 0 0 24755.9 1.43088
W+1_RB2in_2F 1 0 0 0 6806.34 0.322123
W+1_RB2in_2C 0 0 0 0 7714.05 0.391751
W+1_RB2in_2B 0 4 0 0 3194.51 0.167504
W+1_RB2out_2F 0 0 0 0 17002.3 0.547584
W+1_RB1out_2F 0 0 0 0 14950.6 0.579678
W+1_RB1in_2F 0 0 0 0 49869.9 1.9336
W+1_RB2out_2B 2 0 0 0 21284.9 0.734186
W+1_RB1out_2B 1 0 0 0 9838.71 0.408561
W+1_RB1in_2B 0 0 0 0 14598.3 0.606206
W+1_RB4_3+F 1 0 0 0 53624.9 2.1632
W+1_RB3_3F 0 0 0 0 5890.66 0.317906
W+1_RB4_3+B 1 1 0 0 59357.2 2.56445
W+1_RB3_3B 0 0 0 0 3250.22 0.187861
W+1_RB2in_3F 0 0 0 0 11897.6 0.563079
W+1_RB2in_3C 0 1 0 0 7186.27 0.364948
W+1_RB2in_3B 0 0 0 0 4237.78 0.222208
W+1_RB2out_3F 0 0 0 0 15480.9 0.498585
W+1_RB1out_3F 0 0 0 0 5244.18 0.203332
W+1_RB1in_3F 0 0 0 0 17459.6 0.67696
W+1_RB2out_3B 0 0 0 0 3991.43 0.137677
W+1_RB1out_3B 0 0 0 0 701.732 0.02914
W+1_RB1in_3B 2 0 0 0 3247.68 0.134863
W+1_RB4_10-F 0 5 5 0 6929.03 0.22316
W+1_RB4_10+F 0 1 0 0 1016.75 0.0327461
W+1_RB3_10F 0 0 0 0 5550.56 0.299551
W+1_RB4_10-B 0 2 0 0 6271.01 0.216307
W+1_RB4_10+B 0 0 0 0 810.948 0.0279722
W+1_RB3_10B 1 0 0 0 6024.42 0.348208
W+1_RB2in_10F 0 0 0 0 3745.71 0.177273
W+1_RB2in_10C 0 0 0 0 2676.24 0.135911
W+1_RB2in_10B 0 0 0 0 2499.2 0.131046
W+1_RB2out_10F 0 0 0 0 7015.52 0.225946
W+1_RB1out_10F 0 0 0 0 47733.2 1.85075
W+1_RB1in_10F 0 0 0 0 1762.17 0.0683245
W+1_RB2out_10B 0 0 0 0 8761.48 0.302212
W+1_RB1out_10B 0 0 0 0 13544.4 0.562441
W+1_RB1in_10B 0 0 0 0 1299.36 0.0539569
W+1_RB4_11F 0 0 0 0 2761.26 0.111388
W+1_RB3_11F 1 1 0 0 7036.13 0.379724
W+1_RB4_11B 0 0 0 0 2704.89 0.116861
W+1_RB3_11B 0 0 0 0 5730.15 0.331199
W+1_RB2in_11F 0 0 0 0 2101.49 0.0994572
W+1_RB2in_11C 0 1 0 0 1484.95 0.0754117
W+1_RB2in_11B 0 0 0 0 563.304 0.0295369
W+1_RB2out_11F 0 0 0 0 8679.54 0.279538
W+1_RB1out_11F 0 0 0 0 15109.3 0.585832
W+1_RB1in_11F 0 0 0 0 9578.52 0.371387
W+1_RB2out_11B 0 1 0 0 6792.65 0.2343
W+1_RB1out_11B 12 0 0 1 54237.9 2.25227
W+1_RB1in_11B 0 0 0 0 3619.77 0.150314
W+1_RB4_12+F 0 0 0 0 18586.7 0.749776
W+1_RB3_12F 0 0 0 0 10470.3 0.565058
W+1_RB4_12+B 1 0 0 0 13370.8 0.577667
W+1_RB3_12B 1 0 0 0 6684.25 0.386346
W+1_RB2in_12F 0 0 0 0 44867.9 2.12346
W+1_RB2in_12C 0 0 0 0 45507.8 2.31107
W+1_RB2in_12B 0 0 0 0 64021.3 3.35696
W+1_RB2out_12F 0 0 0 0 75966.8 2.44663
W+1_RB1out_12F 0 0 0 0 9896.45 0.383714
W+1_RB1in_12F 0 0 0 0 17726 0.687289
W+1_RB2out_12B 0 0 0 0 97401.1 3.35968
W+1_RB1out_12B 0 0 0 0 5631.89 0.233869
W+1_RB1in_12B 3 13 0 0 14668.1 0.609106
