322619  -61885899187
W+2_RB4_1+F 0 1 0 0 28738.4 1.15929
W+2_RB3_1F 1 0 0 0 32186.3 1.73702
W+2_RB4_1+B 0 0 0 0 43692.9 1.88769
W+2_RB3_1B 0 0 0 0 116843 6.75346
W+2_RB2out_1F 0 1 0 0 1642.15 0.077718
W+2_RB2out_1C 14 0 0 0 1778 0.090294
W+2_RB2out_1B 0 1 0 0 2980.13 0.156263
W+2_RB2in_1F 0 0 0 0 1439.51 0.0463615
W+2_RB1out_1F 0 0 0 0 4327.73 0.167799
W+2_RB1in_1F 0 2 1 0 11281.8 0.437427
W+2_RB2in_1B 0 0 0 0 1418.43 0.0489263
W+2_RB1out_1B 0 1 1 0 2508.68 0.104175
W+2_RB1in_1B 0 1 0 0 12381.1 0.514136
W+2_RB4_2+F 0 0 0 0 49702.2 2.00496
W+2_RB3_2F 0 0 0 0 11110.2 0.599594
W+2_RB4_2+B 0 0 0 0 58736.2 2.53762
W+2_RB3_2B 0 0 0 0 9965.11 0.575978
W+2_RB2out_2F 0 0 0 0 3321.48 0.157196
W+2_RB2out_2C 0 0 0 0 6328.12 0.321368
W+2_RB2out_2B 0 0 0 0 6401.55 0.335666
W+2_RB2in_2F 0 0 0 0 7679.33 0.247325
W+2_RB1out_2F 0 0 0 0 45623.4 1.76895
W+2_RB1in_2F 0 0 0 0 33464.1 1.2975
W+2_RB2in_2B 0 1 0 0 2825.69 0.0974672
W+2_RB1out_2B 0 0 0 0 14206.1 0.589918
W+2_RB1in_2B 0 0 0 0 28228.6 1.17221
W+2_RB4_3+F 0 0 0 0 55753.7 2.24908
W+2_RB3_3F 0 0 0 0 4921.05 0.265578
W+2_RB4_3+B 0 0 0 0 47341.5 2.04533
W+2_RB3_3B 1 0 0 0 4001.42 0.23128
W+2_RB2out_3F 0 0 0 0 6984.44 0.330552
W+2_RB2out_3C 0 0 0 0 6115.4 0.310565
W+2_RB2out_3B 0 12 1 1 618274 32.4192
W+2_RB2in_3F 0 0 0 0 5070.92 0.163317
W+2_RB1out_3F 0 0 0 0 8034.09 0.311505
W+2_RB1in_3F 0 1 0 0 47361.3 1.83633
W+2_RB2in_3B 0 0 0 0 1502.69 0.0518325
W+2_RB1out_3B 0 1 0 0 12684.5 0.526736
W+2_RB1in_3B 0 0 0 0 34525.7 1.43371
W+2_RB4_10-F 0 0 0 0 3223.51 0.103818
W+2_RB4_10+F 0 0 0 0 5444.03 0.175333
W+2_RB3_10F 0 0 0 0 6634.27 0.358037
W+2_RB4_10-B 3 0 0 0 2311.5 0.0797309
W+2_RB4_10+B 0 0 0 0 5145.57 0.177487
W+2_RB3_10B 0 0 0 0 5695.25 0.329182
W+2_RB2out_10F 6 0 0 0 5307.96 0.251209
W+2_RB2out_10C 0 0 0 0 5792.85 0.294185
W+2_RB2out_10B 0 0 0 0 4594.6 0.240918
W+2_RB2in_10F 0 1 0 0 17403 0.56049
W+2_RB1out_10F 0 0 0 0 10752.4 0.416902
W+2_RB1in_10F 0 0 0 0 23172.6 0.898471
W+2_RB2in_10B 1 1 0 0 14024.1 0.483738
W+2_RB1out_10B 0 0 0 0 9770.25 0.405717
W+2_RB1in_10B 0 0 0 0 23657.7 0.982406
W+2_RB4_11F 1 4 4 0 598.04 0.0241246
W+2_RB3_11F 41 0 1 0 3504.67 0.189139
W+2_RB4_11B 2 0 0 0 1986.23 0.0858125
W+2_RB3_11B 34 1 9 0 938.683 0.0542554
W+2_RB2out_11F 0 0 0 0 1235.47 0.0584709
W+2_RB2out_11C 1 0 0 0 1712.69 0.0869775
W+2_RB2out_11B 0 0 0 0 1865.37 0.0978108
W+2_RB2in_11F 0 0 0 0 1777.34 0.0572421
W+2_RB1out_11F 1 1 0 0 7198.44 0.279105
W+2_RB1in_11F 0 0 0 0 16332.5 0.633258
W+2_RB2in_11B 0 1 1 0 1054.18 0.0363622
W+2_RB1out_11B 0 0 0 0 2612.64 0.108492
W+2_RB1in_11B 0 0 0 0 36168.2 1.50191
W+2_RB4_12+F 0 4 3 0 13789.5 0.556261
W+2_RB3_12F 27 10 9 0 1387.67 0.0748896
W+2_RB4_12+B 0 1 1 0 22691.8 0.980369
W+2_RB3_12B 27 11 5 0 818.454 0.0473062
W+2_RB2out_12F 0 0 0 0 26744.3 1.26573
W+2_RB2out_12C 1 1 1 0 9602.2 0.487639
W+2_RB2out_12B 0 1 1 0 6874.77 0.360479
W+2_RB2in_12F 0 1 0 0 4825.1 0.1554
W+2_RB1out_12F 14 0 0 0 718.837 0.0278714
W+2_RB1in_12F 0 0 0 0 32746.6 1.26968
W+2_RB2in_12B 0 1 1 0 3436.36 0.118531
W+2_RB1out_12B 0 0 0 0 9904.93 0.41131
W+2_RB1in_12B 17 1 1 0 921.09 0.038249
