322619  -61885899187
W0_RB4_1+F 95 1 0 0 0 0
W0_RB3_1F 1 0 0 0 11363.5 0.613264
W0_RB4_1+B 96 0 0 0 0 0
W0_RB3_1B 0 0 0 0 3838.79 0.22188
W0_RB2in_1F 0 0 0 0 4589.55 0.21721
W0_RB2in_1C 0 1 1 0 1690.88 0.0858697
W0_RB2in_1B 0 1 0 0 624.083 0.0327238
W0_RB2out_1F 0 0 0 0 1612.25 0.0519251
W0_RB1out_1F 0 0 0 0 1525.98 0.0591667
W0_RB1in_1F 0 0 0 0 824.421 0.0319652
W0_RB2out_1B 0 1 0 0 1559.38 0.053788
W0_RB1out_1B 0 0 0 0 638.82 0.0265275
W0_RB1in_1B 0 1 0 0 521.743 0.0216658
W0_RB4_2+F 0 0 0 0 30758.3 1.24077
W0_RB3_2F 0 0 0 0 21602.8 1.16585
W0_RB4_2+B 1 0 0 0 20184.3 0.872036
W0_RB3_2B 2 0 0 0 16973.9 0.981082
W0_RB2in_2F 0 0 0 0 2247.08 0.106347
W0_RB2in_2C 0 0 0 0 6119.1 0.310753
W0_RB2in_2B 0 2 2 0 1677.09 0.0879385
W0_RB2out_2F 0 0 0 0 2752 0.0886324
W0_RB1out_2F 0 0 0 0 8701.45 0.337381
W0_RB1in_2F 0 0 0 0 16751.9 0.649521
W0_RB2out_2B 0 0 0 0 2279.24 0.0786185
W0_RB1out_2B 0 0 0 0 4381.26 0.181936
W0_RB1in_2B 0 1 0 0 12242.2 0.50837
W0_RB4_3+F 0 0 0 0 31485.5 1.27011
W0_RB3_3F 6 8 0 0 4133.52 0.223077
W0_RB4_3+B 0 1 0 0 23948.7 1.03467
W0_RB3_3B 0 0 0 0 3406.75 0.196909
W0_RB2in_3F 1 8 0 0 5178.21 0.245069
W0_RB2in_3C 0 0 0 0 2752.41 0.139779
W0_RB2in_3B 8 0 0 0 3280.38 0.172007
W0_RB2out_3F 1 0 0 0 2351.09 0.0757204
W0_RB1out_3F 0 0 0 0 3404.51 0.132003
W0_RB1in_3F 0 0 0 0 2104.68 0.0816044
W0_RB2out_3B 0 0 0 0 3780.14 0.130389
W0_RB1out_3B 2 0 0 0 2048.73 0.0850752
W0_RB1in_3B 0 0 0 0 1956.69 0.081253
W0_RB4_10-F 0 1 0 0 1801.82 0.0580305
W0_RB4_10+F 1 13 2 0 985.832 0.0317502
W0_RB3_10F 1 0 0 0 6507.07 0.351172
W0_RB4_10-B 0 0 0 0 1987.27 0.0685475
W0_RB4_10+B 0 0 0 0 1219.31 0.042058
W0_RB3_10B 0 1 0 0 4001.47 0.231283
W0_RB2in_10F 6 0 0 0 3413.81 0.161565
W0_RB2in_10C 0 0 0 0 2899.48 0.147247
W0_RB2in_10B 0 0 0 0 2356.85 0.123581
W0_RB2out_10F 6 0 0 0 3346.4 0.107776
W0_RB1out_10F 0 0 0 0 2219.04 0.0860388
W0_RB1in_10F 0 0 0 0 3160.63 0.122547
W0_RB2out_10B 0 0 0 0 2020.09 0.0696796
W0_RB1out_10B 0 0 0 0 2080.84 0.0864084
W0_RB1in_10B 0 0 0 0 1225.14 0.0508749
W0_RB4_11F 0 0 0 0 3695.59 0.149078
W0_RB3_11F 1 14 0 0 3897.57 0.210343
W0_RB4_11B 0 5 4 0 2626.04 0.113454
W0_RB3_11B 0 0 0 0 2778.38 0.160589
W0_RB2in_11F 0 0 0 0 8261.47 0.39099
W0_RB2in_11C 0 0 0 0 2923.04 0.148444
W0_RB2in_11B 0 0 0 0 1178.55 0.0617975
W0_RB2out_11F 0 0 0 0 8005.25 0.257821
W0_RB1out_11F 0 0 0 0 8594.17 0.333221
W0_RB1in_11F 0 0 0 0 6437.32 0.249594
W0_RB2out_11B 0 0 0 0 6948.81 0.239687
W0_RB1out_11B 1 0 0 0 5303.89 0.220248
W0_RB1in_11B 0 0 0 0 11944.3 0.495998
W0_RB4_12+F 0 2 1 0 9536.8 0.38471
W0_RB3_12F 0 1 0 0 6220.84 0.335725
W0_RB4_12+B 0 2 0 0 11383.8 0.49182
W0_RB3_12B 2 0 0 0 14878.4 0.859966
W0_RB2in_12F 0 1 0 0 1886.45 0.0892802
W0_RB2in_12C 0 1 0 0 5068.99 0.257424
W0_RB2in_12B 0 1 0 0 1665.29 0.0873196
W0_RB2out_12F 0 0 0 0 8118.87 0.261481
W0_RB1out_12F 0 0 0 0 3575.52 0.138633
W0_RB1in_12F 0 0 0 0 5405.24 0.209577
W0_RB2out_12B 0 0 0 0 6128.91 0.211406
W0_RB1out_12B 0 0 0 0 1656.62 0.0687926
W0_RB1in_12B 0 0 0 0 2850.61 0.118374
