322619  -61885899187
W+2_RB4_4-F 0 0 0 0 15030.2 0.811145
W+2_RB4_4+F 0 0 0 0 15360.7 0.828982
W+2_RB3_4F 0 0 0 0 8922.56 0.48153
W+2_RB4_4-B 0 0 0 0 18769.6 1.08487
W+2_RB4_4+B 0 0 0 0 9188.72 0.531103
W+2_RB3_4B 0 0 0 0 5012.17 0.289701
W+2_RB2out_4F 0 0 0 0 3163.08 0.149699
W+2_RB2out_4C 0 0 0 0 2609.39 0.132516
W+2_RB2out_4B 0 0 0 0 1042.38 0.0546574
W+2_RB2in_4F 0 0 0 0 8252.47 0.265783
W+2_RB1out_4F 1 0 0 0 28987.3 1.12392
W+2_RB1in_4F 0 0 0 0 34591.2 1.3412
W+2_RB2in_4B 0 0 0 0 10664.5 0.367852
W+2_RB1out_4B 0 0 0 0 35405.6 1.47025
W+2_RB1in_4B 0 0 0 0 46657.2 1.93748
W+2_RB4_5+F 0 0 0 0 74468.3 3.00401
W+2_RB3_5F 0 0 0 0 7426.83 0.400809
W+2_RB4_5+B 0 1 0 0 77648.2 3.35468
W+2_RB3_5B 0 0 0 0 7189.59 0.415554
W+2_RB2out_5F 0 1 1 0 2613.15 0.123672
W+2_RB2out_5C 0 0 0 0 2325.08 0.118077
W+2_RB2out_5B 1 0 0 0 1687.35 0.0884764
W+2_RB2in_5F 0 0 0 0 12139.3 0.390964
W+2_RB1out_5F 0 0 0 0 70426 2.73062
W+2_RB1in_5F 0 0 0 0 39391.6 1.52733
W+2_RB2in_5B 0 0 0 0 23974.2 0.826946
W+2_RB1out_5B 4 0 0 0 50900.4 2.11368
W+2_RB1in_5B 0 0 0 0 47066.7 1.95448
W+2_RB4_6+F 0 0 0 0 52895.8 2.13379
W+2_RB3_6F 0 0 0 0 7710.24 0.416104
W+2_RB4_6+B 0 0 0 0 60010.5 2.59267
W+2_RB3_6B 0 0 0 0 8269.66 0.477982
W+2_RB2out_6F 8 0 0 0 5370.58 0.254173
W+2_RB2out_6C 0 0 0 0 6980.74 0.354511
W+2_RB2out_6B 0 0 0 0 6837.22 0.35851
W+2_RB2in_6F 0 0 0 0 2788.11 0.0897954
W+2_RB1out_6F 1 0 0 0 22615 0.87685
W+2_RB1in_6F 0 0 0 0 27224.2 1.05556
W+2_RB2in_6B 0 0 0 0 4000.77 0.138
W+2_RB1out_6B 1 0 0 0 20693.8 0.859329
W+2_RB1in_6B 0 0 0 0 27291.5 1.1333
W+2_RB4_7+F 0 0 0 0 39380 1.58857
W+2_RB3_7F 0 0 0 0 3465.3 0.187015
W+2_RB4_7+B 1 0 0 0 51831.7 2.23932
W+2_RB3_7B 0 0 0 0 4384.07 0.253397
W+2_RB2out_7F 0 0 0 0 1626.43 0.0769738
W+2_RB2out_7C 0 0 0 0 2464.8 0.125173
W+2_RB2out_7B 0 1 0 0 1003.76 0.0526324
W+2_RB2in_7F 0 0 0 0 2969.16 0.0956262
W+2_RB1out_7F 0 0 0 0 38659 1.49892
W+2_RB1in_7F 0 0 0 0 58917.6 2.28441
W+2_RB2in_7B 0 0 0 0 2384.61 0.082253
W+2_RB1out_7B 0 0 0 0 38638.5 1.6045
W+2_RB1in_7B 0 0 0 0 47622.8 1.97758
W+2_RB4_8+F 1 2 35 0 12593.6 0.679645
W+2_RB3_8F 0 0 0 0 16660.3 0.899117
W+2_RB4_8+B 2 0 34 0 16432.9 0.949813
W+2_RB3_8B 0 0 0 0 21483.3 1.24172
W+2_RB2out_8F 0 0 0 0 1711.78 0.0810134
W+2_RB2out_8C 0 0 0 0 7421.32 0.376885
W+2_RB2out_8B 0 0 0 0 4578.9 0.240095
W+2_RB2in_8F 0 0 0 0 39178.6 1.26181
W+2_RB1out_8F 0 0 0 0 33348 1.293
W+2_RB1in_8F 0 0 0 0 27664.6 1.07264
W+2_RB2in_8B 0 0 0 0 2435.44 0.084006
W+2_RB1out_8B 0 10 0 2 260889 10.8337
W+2_RB1in_8B 0 0 0 0 29446.8 1.2228
W+2_RB4_9F 0 1 0 0 4006.54 0.161622
W+2_RB3_9F 0 0 0 0 8359.97 0.451169
W+2_RB4_9B 1 0 0 0 2903.13 0.125426
W+2_RB3_9B 0 0 0 0 9933.44 0.574147
W+2_RB2out_9F 0 0 0 0 11654.3 0.551565
W+2_RB2out_9C 0 0 0 0 18518.1 0.940428
W+2_RB2out_9B 0 0 0 0 7237.62 0.379505
W+2_RB2in_9F 0 0 0 0 10904 0.351181
W+2_RB1out_9F 0 0 0 0 25337.7 0.982417
W+2_RB1in_9F 0 0 0 0 75346.1 2.92139
W+2_RB2in_9B 0 0 0 0 8448.46 0.291415
W+2_RB1out_9B 1 0 0 0 5937.15 0.246545
W+2_RB1in_9B 0 0 0 0 19847 0.824163
