322619  -61885899187
W+1_RB4_4-F 34 26 29 0 0 0
W+1_RB4_4+F 56 16 2 0 0 0
W+1_RB3_4F 0 0 0 0 1519.52 0.0971338
W+1_RB4_4-B 34 33 24 0 0 0
W+1_RB4_4+B 66 6 2 0 0 0
W+1_RB3_4B 1 1 1 0 1317.82 0.0914189
W+1_RB2in_4F 0 0 0 0 2157.19 0.132395
W+1_RB2in_4C 0 0 0 0 3651.79 0.185453
W+1_RB2in_4B 2 43 0 2 742459 52.1566
W+1_RB2out_4F 0 1 0 0 1322.98 0.0504692
W+1_RB1out_4F 1 0 0 0 2740.49 0.12586
W+1_RB1in_4F 1 0 0 0 5580.61 0.256294
W+1_RB2out_4B 1 1 0 0 882.9 0.0365511
W+1_RB1out_4B 3 0 0 0 1298.15 0.0646993
W+1_RB1in_4B 0 1 0 0 4550.11 0.226775
W+1_RB4_5+F 1 0 0 0 48471 1.95529
W+1_RB3_5F 0 0 0 0 3422.52 0.184706
W+1_RB4_5+B 0 0 0 0 43512 1.87988
W+1_RB3_5B 1 0 0 0 2750.32 0.158967
W+1_RB2in_5F 1 0 0 0 11975.5 0.566762
W+1_RB2in_5C 0 0 0 0 4973.97 0.252599
W+1_RB2in_5B 0 0 0 0 3934.23 0.206292
W+1_RB2out_5F 0 0 0 0 1349.45 0.0434611
W+1_RB1out_5F 1 0 0 0 16890.2 0.654884
W+1_RB1in_5F 0 0 0 0 16604.2 0.643791
W+1_RB2out_5B 0 0 0 0 1026.41 0.0354042
W+1_RB1out_5B 0 0 0 0 12560 0.521564
W+1_RB1in_5B 0 0 0 1 87497.6 3.63341
W+1_RB4_6+F 0 0 0 0 45866 1.85021
W+1_RB3_6F 0 0 0 0 20416.5 1.10183
W+1_RB4_6+B 0 0 0 0 45449.5 1.96359
W+1_RB3_6B 0 0 0 0 7418.39 0.428779
W+1_RB2in_6F 0 0 0 0 20520 0.971151
W+1_RB2in_6C 0 0 0 0 13972.9 0.709599
W+1_RB2in_6B 1 0 0 0 5709.23 0.299364
W+1_RB2out_6F 0 0 0 0 1694.03 0.054559
W+1_RB1out_6F 0 0 0 0 9793.12 0.379708
W+1_RB1in_6F 0 0 0 1 2.54649e+06 98.7347
W+1_RB2out_6B 0 0 0 0 1062.98 0.0366656
W+1_RB1out_6B 0 0 0 0 9239.6 0.383682
W+1_RB1in_6B 0 0 0 0 2627.26 0.109099
W+1_RB4_7+F 0 0 0 0 42472.3 1.71331
W+1_RB3_7F 2 0 0 0 9909.65 0.534801
W+1_RB4_7+B 1 0 0 0 54274.6 2.34486
W+1_RB3_7B 0 0 0 0 13517.1 0.781279
W+1_RB2in_7F 0 0 0 0 1228.02 0.0581186
W+1_RB2in_7C 0 0 0 0 2344.99 0.119088
W+1_RB2in_7B 0 0 0 0 782.377 0.041024
W+1_RB2out_7F 0 0 0 0 1609.36 0.0518319
W+1_RB1out_7F 0 1 1 0 1461.07 0.05665
W+1_RB1in_7F 1 0 0 0 31313.4 1.21411
W+1_RB2out_7B 0 0 0 0 744.078 0.0256657
W+1_RB1out_7B 0 0 0 1 82618.1 3.43078
W+1_RB1in_7B 0 0 0 0 9577.65 0.39772
W+1_RB4_8+F 1 0 0 0 12417.9 0.670166
W+1_RB3_8F 1 0 0 1 53577.2 2.89144
W+1_RB4_8+B 0 0 0 0 18886.6 1.09164
W+1_RB3_8B 1 0 0 1 136395 7.88356
W+1_RB2in_8F 0 0 0 0 6803.24 0.321977
W+1_RB2in_8C 0 0 0 0 4858.1 0.246714
W+1_RB2in_8B 1 0 0 0 2282.74 0.119696
W+1_RB2out_8F 0 1 0 0 9364.06 0.301584
W+1_RB1out_8F 1 0 0 0 15133.8 0.58678
W+1_RB1in_8F 0 0 0 0 14351 0.556429
W+1_RB2out_8B 0 0 0 0 8203.83 0.282977
W+1_RB1out_8B 0 0 0 0 20663 0.858048
W+1_RB1in_8B 2 0 0 0 7885.03 0.327432
W+1_RB4_9F 0 0 0 0 11124.4 0.448754
W+1_RB3_9F 1 13 0 0 3115.12 0.168116
W+1_RB4_9B 0 0 0 0 12892 0.55698
W+1_RB3_9B 7 0 0 0 3114.85 0.180036
W+1_RB2in_9F 0 0 0 0 493.31 0.0233469
W+1_RB2in_9C 0 0 0 0 1282 0.0651054
W+1_RB2in_9B 0 0 0 0 778.187 0.0408043
W+1_RB2out_9F 0 0 0 0 6691.53 0.215511
W+1_RB1out_9F 2 0 0 0 2591.95 0.100498
W+1_RB1in_9F 0 0 0 0 52065.5 2.01873
W+1_RB2out_9B 0 0 0 0 3889.96 0.134177
W+1_RB1out_9B 1 0 0 0 1926.63 0.080005
W+1_RB1in_9B 1 0 0 0 20714.3 0.86018
