322619  -61885899187
W0_RB4_4+F 1 0 0 0 30361.4 1.63853
W0_RB4_4-F 0 0 0 0 21728.3 1.17263
W0_RB3_4F 23 2 19 0 1707.14 0.0921303
W0_RB4_4+B 0 0 0 0 38439.8 2.2218
W0_RB4_4-B 0 0 0 0 27349.4 1.58078
W0_RB3_4B 42 0 0 0 1485.29 0.0858491
W0_RB2in_4F 0 0 0 0 4017.4 0.190131
W0_RB2in_4C 0 0 0 0 4488.97 0.227968
W0_RB2in_4B 0 0 0 0 7206.25 0.377861
W0_RB2out_4F 0 0 0 0 1549.13 0.0498921
W0_RB1out_4F 0 1 0 0 1803.93 0.0699436
W0_RB1in_4F 0 0 0 0 2316.87 0.0898317
W0_RB2out_4B 3 0 0 0 880.693 0.0303779
W0_RB1out_4B 1 1 1 0 1714.29 0.0711872
W0_RB1in_4B 0 0 0 0 2017.3 0.0837702
W0_RB4_5+F 0 0 0 0 36763.8 1.48303
W0_RB3_5F 0 0 0 0 4045.71 0.218337
W0_RB4_5+B 3 0 0 0 39184.5 1.69291
W0_RB3_5B 0 0 0 0 1764.71 0.101999
W0_RB2in_5F 0 43 4 0 92203.1 4.36369
W0_RB2in_5C 0 0 0 0 1973.94 0.100245
W0_RB2in_5B 0 0 0 0 1013.25 0.0531301
W0_RB2out_5F 0 0 0 0 4870.31 0.156856
W0_RB1out_5F 1 0 0 0 11332.1 0.439377
W0_RB1in_5F 0 0 0 0 107043 4.15037
W0_RB2out_5B 0 0 0 0 4681.98 0.161497
W0_RB1out_5B 1 0 0 0 38987.3 1.61898
W0_RB1in_5B 1 0 0 0 11047.8 0.458767
W0_RB4_6+F 0 0 0 0 16025.9 0.646475
W0_RB3_6F 1 0 0 0 2277.33 0.122902
W0_RB4_6+B 0 0 0 0 13052.5 0.563914
W0_RB3_6B 1 0 0 0 2290.16 0.13237
W0_RB2in_6F 2 0 0 0 3073.39 0.145454
W0_RB2in_6C 0 0 0 0 4926.28 0.250177
W0_RB2in_6B 0 0 0 0 5492.39 0.287994
W0_RB2out_6F 1 0 0 0 24188.2 0.779017
W0_RB1out_6F 1 0 0 0 6432.96 0.249425
W0_RB1in_6F 1 0 0 0 4221.15 0.163666
W0_RB2out_6B 2 0 0 0 12439.6 0.429081
W0_RB1out_6B 1 0 0 0 28712.7 1.19232
W0_RB1in_6B 0 0 0 0 1789.88 0.0743262
W0_RB4_7+F 57 27 39 0 0 0
W0_RB3_7F 0 0 0 0 10448.4 0.563877
W0_RB4_7+B 59 10 37 0 0 0
W0_RB3_7B 0 0 0 0 6584.97 0.380608
W0_RB2in_7F 0 0 0 0 2255.22 0.106733
W0_RB2in_7C 0 0 0 0 3079.29 0.156379
W0_RB2in_7B 0 0 0 0 942.88 0.04944
W0_RB2out_7F 1 1 0 0 5180.5 0.166846
W0_RB1out_7F 1 1 0 0 2893.41 0.112186
W0_RB1in_7F 0 0 0 0 802.824 0.0311278
W0_RB2out_7B 3 0 0 0 13934.2 0.480636
W0_RB1out_7B 0 0 0 0 984.157 0.0408679
W0_RB1in_7B 0 0 0 0 5368.84 0.222945
W0_RB4_8+F 0 0 0 0 10790.9 0.582362
W0_RB3_8F 7 1 1 0 13086.7 0.706261
W0_RB4_8+B 0 5 1 0 6487.96 0.375
W0_RB3_8B 0 0 0 1 76850 4.44189
W0_RB2in_8F 0 0 0 0 9661.94 0.45727
W0_RB2in_8C 0 0 0 0 9628.24 0.488962
W0_RB2in_8B 0 0 0 0 2931.08 0.153691
W0_RB2out_8F 1 1 0 0 32871.6 1.05868
W0_RB1out_8F 0 0 0 0 2488.81 0.0964985
W0_RB1in_8F 0 0 0 0 738.497 0.0286337
W0_RB2out_8B 0 0 0 0 7988.85 0.275561
W0_RB1out_8B 0 0 0 0 1136.24 0.0471832
W0_RB1in_8B 0 0 0 0 351.109 0.0145801
W0_RB4_9F 0 0 0 0 2361.66 0.0952681
W0_RB3_9F 0 0 0 0 4396.66 0.237278
W0_RB4_9B 3 0 0 0 2484.88 0.107356
W0_RB3_9B 0 0 0 0 3730.84 0.21564
W0_RB2in_9F 0 1 0 0 4745.93 0.22461
W0_RB2in_9C 0 0 0 0 1550.35 0.0787334
W0_RB2in_9B 1 0 0 0 1410.71 0.0739708
W0_RB2out_9F 0 1 0 0 5865.64 0.188912
W0_RB1out_9F 8 0 0 0 2228.05 0.0863881
W0_RB1in_9F 1 1 0 0 3469.19 0.134511
W0_RB2out_9B 0 1 0 0 4975.95 0.171637
W0_RB1out_9B 1 0 0 0 2580.17 0.107144
W0_RB1in_9B 0 0 0 0 3811.48 0.158275
