322619  -61885899187
RE-1_2_36 0 0 0 0 3472.05 0.295063
RE-1_2_01 0 0 0 0 3339.05 0.28376
RE-1_2_02 0 0 0 0 5050.24 0.429182
RE-1_3_36 0 0 0 0 3483.86 0.194555
RE-1_3_01 1 0 0 0 1727.7 0.0964826
RE-1_3_02 0 0 0 0 1917.41 0.107077
RE-2_2_02 0 1 1 0 4093.95 0.345052
RE-2_2_03 0 1 1 0 7198.78 0.606738
RE-2_2_04 0 0 0 0 3613.67 0.304573
RE-2_3_02 0 0 0 0 7552.93 0.383258
RE-2_3_03 0 0 0 0 8649.75 0.438913
RE-2_3_04 0 0 0 0 11108.7 0.563689
RE-1_2_03 0 0 0 0 2856.34 0.242739
RE-1_2_04 0 0 0 0 2804.13 0.238302
RE-1_2_05 0 0 0 0 3575.98 0.303895
RE-1_3_03 0 0 0 0 1488.36 0.0831166
RE-1_3_04 0 5 4 0 3534.3 0.197372
RE-1_3_05 0 0 0 0 2066.32 0.115393
RE-2_2_05 0 0 0 0 4152.63 0.349998
RE-2_2_06 1 2 1 0 6374.43 0.537259
RE-2_2_07 0 0 0 0 4688.91 0.395197
RE-2_3_05 0 0 0 0 12051.5 0.611526
RE-2_3_06 0 1 0 0 6282.04 0.318769
RE-2_3_07 0 2 0 0 5938.12 0.301317
RE-1_2_06 0 0 0 0 3216.87 0.273377
RE-1_2_07 0 0 0 0 3490.03 0.296591
RE-1_2_08 0 0 0 0 3468.56 0.294767
RE-1_3_06 0 0 0 0 2009.41 0.112214
RE-1_3_07 0 0 0 0 2342.24 0.130801
RE-1_3_08 0 0 0 0 938.949 0.0524352
RE-2_2_08 0 1 0 0 5613.77 0.473148
RE-2_2_09 0 0 0 0 10025 0.844938
RE-2_2_10 0 1 0 0 5530.79 0.466155
RE-2_3_08 0 0 0 0 4705.92 0.238792
RE-2_3_09 0 0 0 0 5682.22 0.288333
RE-2_3_10 0 0 0 0 9717.21 0.493079
RE-1_2_27 0 0 0 0 9173.53 0.779588
RE-1_2_28 0 1 0 0 1947.1 0.165469
RE-1_2_29 1 0 0 0 34011.6 2.89039
RE-1_3_27 0 0 0 0 2285.18 0.127615
RE-1_3_28 0 0 0 0 1291.83 0.0721415
RE-1_3_29 0 0 0 0 2744.86 0.153286
RE-2_2_29 0 0 0 0 4973.51 0.419184
RE-2_2_30 0 1 1 0 5641.97 0.475525
RE-2_2_31 0 2 1 0 4457.32 0.375679
RE-2_3_29 1 0 0 0 6356.85 0.322565
RE-2_3_30 0 1 1 0 7528.92 0.382039
RE-2_3_31 0 1 1 0 9227.68 0.468239
RE-1_2_30 0 0 0 0 18295.2 1.55477
RE-1_2_31 0 2 1 0 563.469 0.047885
RE-1_2_32 0 2 1 0 2188.46 0.185981
RE-1_3_30 0 0 0 0 2174.75 0.121448
RE-1_3_31 1 0 0 0 2469.74 0.137921
RE-1_3_32 8 0 0 0 1146.77 0.0640411
RE-2_2_32 4 0 0 0 5291.29 0.445968
RE-2_2_33 0 0 0 0 5939.55 0.500606
RE-2_2_34 1 2 2 0 5164.73 0.435301
RE-2_3_32 4 0 0 0 5083.16 0.257934
RE-2_3_33 4 0 0 0 8337.05 0.423046
RE-2_3_34 0 0 0 0 12227.5 0.620459
RE-1_2_33 0 2 1 0 3069.1 0.260819
RE-1_2_34 0 0 0 0 4041.97 0.343496
RE-1_2_35 0 3 1 0 5917.08 0.502847
RE-1_3_33 0 2 1 0 1638.07 0.0914772
RE-1_3_34 0 0 0 0 1750.86 0.0977758
RE-1_3_35 0 0 0 0 1782.97 0.0995692
RE-2_2_35 0 1 0 0 5536.32 0.46662
RE-2_2_36 0 2 0 0 6127.87 0.516478
RE-2_2_01 0 1 0 0 4501.53 0.379405
RE-2_3_35 0 1 1 0 13200.7 0.669842
RE-2_3_36 0 1 0 0 4526.82 0.229704
RE-2_3_01 0 2 1 0 8352.34 0.423822
