322619  -61885899187
RE-1_2_09 0 0 0 0 3840.31 0.326358
RE-1_2_10 0 0 0 0 3829.83 0.325468
RE-1_2_11 0 0 0 0 5351.74 0.454803
RE-1_3_09 0 0 0 0 8594.7 0.479968
RE-1_3_10 10 24 23 0 1135.43 0.0634075
RE-1_3_11 0 0 0 0 2612.56 0.145897
RE-2_2_11 0 0 0 0 5750.25 0.484651
RE-2_2_12 0 0 0 0 5602.3 0.472181
RE-2_2_13 0 1 0 0 3902.65 0.328929
RE-2_3_11 0 0 0 0 5751 0.291823
RE-2_3_12 0 0 0 0 7005.52 0.355481
RE-2_3_13 1 1 1 0 7011.86 0.355802
RE-1_2_12 3 0 0 0 3379.33 0.287184
RE-1_2_13 0 0 0 0 2090.52 0.177657
RE-1_2_14 0 0 0 0 5564.65 0.472897
RE-1_3_12 0 0 0 0 1325.13 0.0740012
RE-1_3_13 0 0 0 0 1633.87 0.0912427
RE-1_3_14 0 0 0 0 1360.21 0.0759602
RE-2_2_14 0 1 0 0 4245.96 0.357865
RE-2_2_15 0 2 2 0 4830.6 0.40714
RE-2_2_16 0 1 0 0 4784.75 0.403275
RE-2_3_14 0 0 0 0 5021.51 0.254806
RE-2_3_15 0 0 0 0 5591.36 0.283722
RE-2_3_16 1 0 0 0 5476.44 0.27789
RE-1_2_15 0 0 0 0 4361.78 0.370674
RE-1_2_16 0 0 0 0 3859.63 0.328001
RE-1_2_17 0 0 0 0 5513.19 0.468524
RE-1_3_15 1 0 0 0 1568.11 0.0875707
RE-1_3_16 1 0 0 0 1458.24 0.081435
RE-1_3_17 0 0 0 0 785.738 0.0438792
RE-2_2_17 0 0 0 0 4029.78 0.339644
RE-2_2_18 0 0 0 0 8655.74 0.729536
RE-2_2_19 0 1 0 0 5067.71 0.427124
RE-2_3_17 0 0 0 0 10606.1 0.538186
RE-2_3_18 0 1 1 0 5604.76 0.284402
RE-2_3_19 0 0 0 0 9116.08 0.462576
RE-1_2_18 0 0 0 0 2420.97 0.20574
RE-1_2_19 0 0 0 0 2849.48 0.242155
RE-1_2_20 0 0 0 0 3627.47 0.308271
RE-1_3_18 0 0 0 0 2515.42 0.140472
RE-1_3_19 0 0 0 0 3932.28 0.219597
RE-1_3_20 0 0 0 0 1331.63 0.0743641
RE-2_2_20 1 0 0 0 5240.03 0.441648
RE-2_2_21 0 1 0 0 6813.08 0.57423
RE-2_2_22 0 1 0 0 6500.73 0.547904
RE-2_3_20 0 0 0 0 8449.04 0.428729
RE-2_3_21 0 0 0 0 6412.22 0.325375
RE-2_3_22 0 0 0 0 14552.2 0.73842
RE-1_2_21 0 0 0 0 2316.93 0.196898
RE-1_2_22 0 0 0 0 2837.78 0.241161
RE-1_2_23 0 0 0 0 2571.05 0.218494
RE-1_3_21 1 0 0 0 997.523 0.0557062
RE-1_3_22 0 0 0 0 1762.4 0.0984206
RE-1_3_23 1 0 0 0 3305.1 0.184572
RE-2_2_23 1 1 1 0 6285.57 0.52977
RE-2_2_24 0 0 0 0 6069.37 0.511548
RE-2_2_25 0 1 0 0 5246.77 0.442216
RE-2_3_23 0 1 1 0 11996.3 0.608725
RE-2_3_24 0 0 0 0 7767.91 0.394167
RE-2_3_25 0 0 0 0 8436.54 0.428094
RE-1_2_24 0 0 0 0 2939.28 0.249787
RE-1_2_25 1 0 0 0 2096.11 0.178133
RE-1_2_26 1 0 0 0 2204.83 0.187372
RE-1_3_24 1 0 0 0 1724.46 0.0963016
RE-1_3_25 0 0 0 0 1369 0.0764515
RE-1_3_26 0 0 0 0 1290.31 0.0720567
RE-2_2_26 0 1 1 0 4930.17 0.415532
RE-2_2_27 0 0 0 0 6126.16 0.516334
RE-2_2_28 2 0 0 0 5555.34 0.468223
RE-2_3_26 0 0 0 0 8942.63 0.453775
RE-2_3_27 0 0 0 0 2405.1 0.122042
RE-2_3_28 0 0 0 0 10421.3 0.528807
