322620  -61885899187
W-2_RB4_1+F 81 5 3 0 93.4483 0.00376966
W-2_RB3_1F 62 0 0 0 202.679 0.0109381
W-2_RB4_1+B 77 12 5 0 68.2893 0.00295035
W-2_RB3_1B 65 0 0 0 2530.41 0.146257
W-2_RB2out_1F 75 0 0 0 48.167 0.0022796
W-2_RB2out_1C 77 0 0 0 41.8542 0.00212553
W-2_RB2out_1B 81 0 0 0 28.6185 0.00150061
W-2_RB2in_1F 73 0 0 0 89.7501 0.00289054
W-2_RB1out_1F 78 0 0 0 35.6528 0.00138236
W-2_RB1in_1F 60 0 0 0 190.475 0.00738528
W-2_RB2in_1B 79 0 0 0 60.1034 0.00207316
W-2_RB1out_1B 73 0 0 0 57.8707 0.00240313
W-2_RB1in_1B 64 0 0 0 150.408 0.00624581
W-2_RB4_2+F 10 0 0 0 1724.92 0.0695825
W-2_RB3_2F 75 3 1 0 50.5657 0.00272891
W-2_RB4_2+B 16 0 0 0 1187.33 0.0512971
W-2_RB3_2B 75 8 0 0 12.9302 0.000747361
W-2_RB2out_2F 48 0 0 0 130.355 0.00616932
W-2_RB2out_2C 71 0 0 0 93.2034 0.00473325
W-2_RB2out_2B 62 0 0 0 76.8193 0.00402803
W-2_RB2in_2F 87 0 0 0 29.7691 0.000958759
W-2_RB1out_2F 10 0 0 0 876.112 0.0339694
W-2_RB1in_2F 53 0 0 0 249.373 0.0096689
W-2_RB2in_2B 88 0 1 0 16.5114 0.000569532
W-2_RB1out_2B 20 0 0 0 355.136 0.0147473
W-2_RB1in_2B 74 0 0 0 90.2507 0.00374773
W-2_RB4_3+F 22 0 0 0 1139.85 0.045981
W-2_RB3_3F 73 0 0 0 95.3677 0.00514678
W-2_RB4_3+B 21 0 0 0 856.628 0.0370095
W-2_RB3_3B 65 3 9 0 38.5985 0.00223097
W-2_RB2out_3F 63 0 0 0 91.0823 0.00431065
W-2_RB2out_3C 54 0 0 0 110.049 0.00558873
W-2_RB2out_3B 74 0 0 0 34.1858 0.00179254
W-2_RB2in_3F 60 3 7 0 128.014 0.00412288
W-2_RB1out_3F 45 0 0 0 271.499 0.0105268
W-2_RB1in_3F 44 0 0 0 345.087 0.01338
W-2_RB2in_3B 75 0 0 0 74.6234 0.002574
W-2_RB1out_3B 16 0 0 0 479.412 0.019908
W-2_RB1in_3B 38 0 0 0 474.579 0.0197073
W-2_RB4_10+F 55 0 0 0 94.8974 0.00305632
W-2_RB4_10-F 53 0 0 0 90.2814 0.00290765
W-2_RB3_10F 71 0 0 0 177.889 0.00960027
W-2_RB4_10+B 58 0 0 0 21.036 0.000725601
W-2_RB4_10-B 55 0 0 0 69.4081 0.00239411
W-2_RB3_10B 80 0 0 0 42.57 0.00246052
W-2_RB2out_10F 48 0 0 0 161.074 0.00762314
W-2_RB2out_10C 37 2 2 0 178.735 0.00907688
W-2_RB2out_10B 62 0 0 0 78.5906 0.00412091
W-2_RB2in_10F 64 0 0 0 169.206 0.00544954
W-2_RB1out_10F 28 0 0 0 647.223 0.0250947
W-2_RB1in_10F 53 4 0 0 209.311 0.00811559
W-2_RB2in_10B 75 0 0 0 72.4808 0.00250009
W-2_RB1out_10B 46 4 0 0 219.895 0.00913131
W-2_RB1in_10B 82 0 0 0 40.4028 0.00167776
W-2_RB4_11F 44 0 0 0 45.0451 0.0018171
W-2_RB3_11F 70 0 0 0 208.571 0.0112561
W-2_RB4_11B 47 0 0 0 6.31423 0.000272798
W-2_RB3_11B 64 0 0 0 163.579 0.00945478
W-2_RB2out_11F 67 0 0 0 97.9642 0.00463635
W-2_RB2out_11C 51 0 0 0 155.089 0.00787605
W-2_RB2out_11B 68 0 0 0 80.1983 0.00420521
W-2_RB2in_11F 60 0 0 0 243.858 0.00785381
W-2_RB1out_11F 21 0 0 0 1067.74 0.0413995
W-2_RB1in_11F 9 0 0 0 549.844 0.021319
W-2_RB2in_11B 75 0 0 0 76.3304 0.00263288
W-2_RB1out_11B 31 0 0 0 636.97 0.0264507
W-2_RB1in_11B 25 14 0 0 396.676 0.0164723
W-2_RB4_12+F 43 0 0 0 366.029 0.0147654
W-2_RB3_12F 32 0 37 0 121.817 0.0065742
W-2_RB4_12+B 61 0 0 0 144.932 0.00626159
W-2_RB3_12B 67 0 14 0 1637.24 0.0946314
W-2_RB2out_12F 45 0 0 0 168.289 0.00796461
W-2_RB2out_12C 76 0 0 0 40.7043 0.00206713
W-2_RB2out_12B 63 0 0 0 76.5298 0.00401285
W-2_RB2in_12F 72 1 1 0 100.494 0.00323657
W-2_RB1out_12F 76 0 0 0 50.6361 0.00196331
W-2_RB1in_12F 11 0 0 0 2105.73 0.0816454
W-2_RB2in_12B 80 0 0 0 50.2264 0.00173247
W-2_RB1out_12B 70 0 0 0 82.7463 0.00343611
W-2_RB1in_12B 24 0 0 0 1747.67 0.0725733
