322620  -61885899187
RE-4_2_33 46 1 0 0 221.13 0.0186376
RE-4_2_34 11 2 0 0 684.433 0.0576864
RE-4_2_35 7 1 1 0 879.247 0.074106
RE-4_3_33 12 0 0 0 970.176 0.0492295
RE-4_3_34 11 0 0 0 587.488 0.0298108
RE-4_3_35 14 1 1 0 911.674 0.046261
RE-4_2_36 6 2 1 0 675.558 0.0569384
RE-4_2_01 13 1 0 0 587.149 0.0494869
RE-4_2_02 5 1 1 0 924.04 0.0778813
RE-4_3_36 10 1 1 0 713.994 0.0362301
RE-4_3_01 14 1 1 0 975.307 0.0494899
RE-4_3_02 17 0 0 0 718.841 0.0364761
RE-4_2_03 13 1 0 0 2507.99 0.211382
RE-4_2_04 13 0 1 0 1249.55 0.105317
RE-4_2_05 17 2 1 0 344.162 0.0290072
RE-4_3_03 19 0 0 0 645.477 0.0327534
RE-4_3_04 9 0 0 0 651.886 0.0330786
RE-4_3_05 20 1 1 0 738.897 0.0374938
RE-4_2_06 25 1 0 0 478.82 0.0403566
RE-4_2_07 42 0 0 0 744.514 0.0627502
RE-4_2_08 8 1 0 0 835.456 0.0704151
RE-4_3_06 18 1 1 0 778.963 0.0395269
RE-4_3_07 12 0 0 0 1162.17 0.0589721
RE-4_3_08 34 0 0 0 404.444 0.0205226
RE-4_2_27 26 0 0 0 384.442 0.0324021
RE-4_2_28 1 0 1 0 1089.8 0.0918519
RE-4_2_29 18 2 1 0 614.389 0.0517829
RE-4_3_27 5 0 0 0 1670.2 0.0847506
RE-4_3_28 4 0 0 0 1296.55 0.0657909
RE-4_3_29 6 0 0 0 2145.52 0.10887
RE-4_2_30 23 3 5 0 368.281 0.03104
RE-4_2_31 16 2 1 0 474.451 0.0399884
RE-4_2_32 16 1 0 0 601.112 0.0506638
RE-4_3_30 12 3 3 0 3441.2 0.174617
RE-4_3_31 5 2 2 0 981.396 0.0497989
RE-4_3_32 10 1 1 0 687.193 0.0348701
RE-3_2_33 23 1 0 0 146.501 0.0123476
RE-3_2_34 31 0 0 0 130.217 0.0109752
RE-3_2_35 13 0 0 0 212.792 0.0179348
RE-3_3_33 29 0 0 0 231.423 0.0117431
RE-3_3_34 36 0 0 0 230.778 0.0117104
RE-3_3_35 35 0 0 0 163.93 0.00831828
RE-3_2_36 18 0 0 0 719.788 0.0606662
RE-3_2_01 15 0 0 0 261.564 0.0220455
RE-3_2_02 46 0 0 0 95.1612 0.00802052
RE-3_3_36 45 0 0 0 172.176 0.00873672
RE-3_3_01 47 0 0 0 147.403 0.00747966
RE-3_3_02 34 0 0 0 195.568 0.00992369
RE-3_2_03 20 1 0 0 182.285 0.0153636
RE-3_2_04 29 1 0 0 10776.2 0.908256
RE-3_2_05 18 0 0 0 191.514 0.0161415
RE-3_3_03 30 0 0 0 339.117 0.0172078
RE-3_3_04 41 1 1 0 209.037 0.0106071
RE-3_3_05 40 0 0 0 223.103 0.0113209
RE-3_2_06 20 0 0 0 266.048 0.0224235
RE-3_2_07 14 1 1 0 232.985 0.0196368
RE-3_2_08 15 0 0 0 207.045 0.0174505
RE-3_3_06 3 1 1 0 644.08 0.0326825
RE-3_3_07 45 0 0 0 177.717 0.00901789
RE-3_3_08 34 0 0 0 8849.24 0.449036
RE-3_2_27 27 0 0 0 214.586 0.0180861
RE-3_2_28 40 0 0 0 104.048 0.00876949
RE-3_2_29 15 1 1 0 188.551 0.0158917
RE-3_3_27 30 0 0 0 319.968 0.0162361
RE-3_3_28 55 0 0 0 115.93 0.00588261
RE-3_3_29 42 0 0 0 200.366 0.0101672
RE-3_2_30 35 0 0 0 146.191 0.0123215
RE-3_2_31 36 0 0 0 86.4133 0.00728321
RE-3_2_32 37 1 0 0 104.585 0.00881479
RE-3_3_30 36 0 1 0 177.468 0.00900525
RE-3_3_31 27 0 0 0 281.939 0.0143064
RE-3_3_32 44 2 1 0 184.658 0.00937006
