322620  -61885899187
W-2_RB4_4+F 53 0 0 0 144.155 0.00777972
W-2_RB4_4-F 34 7 10 0 177.749 0.0095927
W-2_RB3_4F 48 0 0 0 2324.19 0.125431
W-2_RB4_4+B 48 0 0 0 205.716 0.0118903
W-2_RB4_4-B 53 0 5 0 129.335 0.00747547
W-2_RB3_4B 79 0 0 0 55.6976 0.00321929
W-2_RB2out_4F 43 0 0 0 180.712 0.00855256
W-2_RB2out_4C 64 0 0 0 79.6445 0.00404467
W-2_RB2out_4B 71 0 0 0 80.3299 0.00421211
W-2_RB2in_4F 79 0 0 0 78.2359 0.00251971
W-2_RB1out_4F 45 0 0 0 278.155 0.0107849
W-2_RB1in_4F 51 0 0 0 324.988 0.0126007
W-2_RB2in_4B 70 0 0 0 104.371 0.00360009
W-2_RB1out_4B 25 6 5 0 286.095 0.0118803
W-2_RB1in_4B 30 0 0 0 605.388 0.0251392
W-2_RB4_5+F 48 35 22 0 98.6034 0.00397761
W-2_RB3_5F 51 0 0 0 422.57 0.0228052
W-2_RB4_5+B 57 9 0 0 435.303 0.0188067
W-2_RB3_5B 60 0 0 0 266.237 0.0153884
W-2_RB2out_5F 50 0 0 0 135.606 0.00641781
W-2_RB2out_5C 71 0 0 0 69.4079 0.00352482
W-2_RB2out_5B 69 0 0 0 120.773 0.00633274
W-2_RB2in_5F 78 0 0 0 73.6075 0.00237064
W-2_RB1out_5F 41 0 0 0 413.546 0.0160344
W-2_RB1in_5F 39 0 0 0 287.262 0.011138
W-2_RB2in_5B 85 0 0 0 37.1842 0.0012826
W-2_RB1out_5B 78 0 0 0 42.171 0.00175118
W-2_RB1in_5B 51 0 0 0 234.254 0.00972761
W-2_RB4_6+F 29 0 0 0 820.989 0.0331183
W-2_RB3_6F 74 0 0 0 151.339 0.00816742
W-2_RB4_6+B 34 0 0 0 651.513 0.0281477
W-2_RB3_6B 76 0 1 0 58.4477 0.00337824
W-2_RB2out_6F 33 0 0 0 193.814 0.00917264
W-2_RB2out_6C 48 0 0 0 126.367 0.00641742
W-2_RB2out_6B 63 0 0 0 83.0958 0.00435713
W-2_RB2in_6F 81 0 0 0 63.353 0.00204038
W-2_RB1out_6F 32 0 0 0 499.67 0.0193737
W-2_RB1in_6F 65 0 0 0 147.908 0.00573484
W-2_RB2in_6B 78 0 0 0 61.8639 0.00213388
W-2_RB1out_6B 81 0 0 0 30.7136 0.00127541
W-2_RB1in_6B 50 0 0 0 176.117 0.0073134
W-2_RB4_7+F 54 5 25 0 161.806 0.00652716
W-2_RB3_7F 61 0 0 0 199.418 0.0107621
W-2_RB4_7+B 63 5 11 0 230.289 0.00994932
W-2_RB3_7B 56 0 1 0 547.056 0.0316196
W-2_RB2out_7F 71 0 0 0 83.1395 0.00393474
W-2_RB2out_7C 72 0 0 0 121.779 0.00618445
W-2_RB2out_7B 81 0 0 0 18.1764 0.000953079
W-2_RB2in_7F 58 0 0 0 187.512 0.00603912
W-2_RB1out_7F 80 0 0 0 33.0374 0.00128096
W-2_RB1in_7F 48 0 0 0 208.629 0.00808917
W-2_RB2in_7B 82 0 0 0 62.2814 0.00214829
W-2_RB1out_7B 84 0 0 0 19.2136 0.000797859
W-2_RB1in_7B 27 0 0 1 72473.9 3.00954
W-2_RB4_8+F 46 27 10 0 71.6151 0.0038649
W-2_RB3_8F 54 0 0 0 243.26 0.0131282
W-2_RB4_8+B 45 33 15 0 36.5448 0.00211227
W-2_RB3_8B 79 0 0 0 44.1086 0.00254945
W-2_RB2out_8F 41 0 0 0 266.159 0.0125965
W-2_RB2out_8C 49 0 0 0 253.91 0.0128946
W-2_RB2out_8B 64 0 0 0 98.0111 0.00513922
W-2_RB2in_8F 63 0 0 0 235.504 0.00758476
W-2_RB1out_8F 23 0 0 0 675.17 0.0261783
W-2_RB1in_8F 64 0 0 0 150.213 0.0058242
W-2_RB2in_8B 59 0 0 0 206.638 0.00712761
W-2_RB1out_8B 45 0 0 0 369.304 0.0153357
W-2_RB1in_8B 55 0 0 0 247.166 0.0102638
W-2_RB4_9F 33 0 0 0 139.913 0.005644
W-2_RB3_9F 54 0 0 0 222.962 0.0120328
W-2_RB4_9B 46 0 0 0 63.0051 0.00272205
W-2_RB3_9B 74 0 0 0 78.8063 0.00455496
W-2_RB2out_9F 80 0 0 0 45.081 0.00213355
W-2_RB2out_9C 72 0 0 0 54.5019 0.00276783
W-2_RB2out_9B 82 0 0 0 12.815 0.000671955
W-2_RB2in_9F 69 0 0 0 176.657 0.0056895
W-2_RB1out_9F 31 0 0 0 290.645 0.0112691
W-2_RB1in_9F 75 0 0 0 78.8471 0.00305713
W-2_RB2in_9B 86 0 0 0 28.1187 0.000969905
W-2_RB1out_9B 67 0 0 0 80.2813 0.00333375
W-2_RB1in_9B 80 0 0 1 257453 10.6909
