322620  -61885899187
W+1_RB4_4-F 34 23 29 0 0 0
W+1_RB4_4+F 57 15 1 0 0 0
W+1_RB3_4F 76 0 0 0 99.456 0.00635761
W+1_RB4_4-B 35 32 23 0 0 0
W+1_RB4_4+B 67 4 1 0 0 0
W+1_RB3_4B 79 0 1 0 82.4143 0.00571718
W+1_RB2in_4F 80 0 0 0 29.6308 0.00181856
W+1_RB2in_4C 83 0 0 0 48.8589 0.00248126
W+1_RB2in_4B 37 16 39 0 48.2157 0.00338707
W+1_RB2out_4F 76 0 1 0 72.8062 0.00277742
W+1_RB1out_4F 36 0 0 0 153.733 0.00706032
W+1_RB1in_4F 27 0 0 0 186.877 0.00858248
W+1_RB2out_4B 73 1 0 0 47.1639 0.00195253
W+1_RB1out_4B 71 0 0 0 45.9701 0.00229113
W+1_RB1in_4B 76 0 1 0 58.5443 0.00291782
W+1_RB4_5+F 9 0 0 0 1351.38 0.054514
W+1_RB3_5F 79 0 0 0 71.1761 0.00384121
W+1_RB4_5+B 10 0 0 0 1159.82 0.0501083
W+1_RB3_5B 81 0 0 0 18.4673 0.0010674
W+1_RB2in_5F 48 0 0 0 203.36 0.0096244
W+1_RB2in_5C 79 0 0 0 62.3079 0.00316425
W+1_RB2in_5B 74 0 0 0 53.8628 0.0028243
W+1_RB2out_5F 79 0 0 0 52.2323 0.00168222
W+1_RB1out_5F 41 0 0 0 462.99 0.0179515
W+1_RB1in_5F 55 0 0 0 177.777 0.00689292
W+1_RB2out_5B 83 0 0 0 19.4716 0.000671639
W+1_RB1out_5B 48 0 0 0 210.892 0.00875746
W+1_RB1in_5B 61 0 0 0 111.123 0.00461449
W+1_RB4_6+F 41 0 0 0 821.321 0.0331317
W+1_RB3_6F 55 0 0 0 369.199 0.0199248
W+1_RB4_6+B 45 0 0 0 738.681 0.0319137
W+1_RB3_6B 78 0 0 0 79.2454 0.00458034
W+1_RB2in_6F 34 0 0 0 413.774 0.0195827
W+1_RB2in_6C 61 0 0 0 136.578 0.00693599
W+1_RB2in_6B 78 0 0 0 78.3285 0.00410716
W+1_RB2out_6F 80 0 0 0 72.1697 0.00232434
W+1_RB1out_6F 57 0 0 0 219.8 0.00852227
W+1_RB1in_6F 76 0 0 0 74.5978 0.00289237
W+1_RB2out_6B 82 0 0 0 39.6182 0.00136656
W+1_RB1out_6B 45 0 0 0 249.652 0.010367
W+1_RB1in_6B 74 0 0 0 91.251 0.00378927
W+1_RB4_7+F 56 0 0 0 389.439 0.0157098
W+1_RB3_7F 49 0 0 0 352.429 0.0190198
W+1_RB4_7+B 57 0 0 0 343.679 0.0148482
W+1_RB3_7B 63 0 0 0 143.006 0.00826566
W+1_RB2in_7F 87 0 0 0 21.6989 0.00102694
W+1_RB2in_7C 80 0 0 0 71.6607 0.00363923
W+1_RB2in_7B 86 0 0 0 28.7676 0.00150843
W+1_RB2out_7F 77 0 0 0 68.9287 0.00221995
W+1_RB1out_7F 80 0 1 0 32.9085 0.00127596
W+1_RB1in_7F 12 0 0 0 1943.11 0.0753401
W+1_RB2out_7B 84 0 0 0 6.07915 0.000209689
W+1_RB1out_7B 78 0 0 0 27.7381 0.00115185
W+1_RB1in_7B 45 0 0 0 194.946 0.00809531
W+1_RB4_8+F 68 0 0 0 227.485 0.0122768
W+1_RB3_8F 63 0 0 0 187.782 0.0101342
W+1_RB4_8+B 80 0 0 0 73.5463 0.00425094
W+1_RB3_8B 62 0 0 0 158.969 0.00918834
W+1_RB2in_8F 80 0 0 0 83.4193 0.00394798
W+1_RB2in_8C 76 0 0 0 81.9419 0.00416134
W+1_RB2in_8B 87 0 0 0 24.1243 0.00126496
W+1_RB2out_8F 63 1 1 0 233.43 0.00751798
W+1_RB1out_8F 53 0 0 0 162.499 0.00630057
W+1_RB1in_8F 35 0 0 0 577.862 0.0224054
W+1_RB2out_8B 62 0 0 0 155.141 0.00535132
W+1_RB1out_8B 44 0 0 0 464.449 0.0192866
W+1_RB1in_8B 63 0 0 0 131.232 0.0054495
W+1_RB4_9F 43 0 0 0 133.042 0.00536686
W+1_RB3_9F 55 13 0 0 112.614 0.00607753
W+1_RB4_9B 41 0 0 0 124.876 0.00539509
W+1_RB3_9B 78 0 0 0 61.1593 0.00353498
W+1_RB2in_9F 85 0 0 0 18.4639 0.000873841
W+1_RB2in_9C 82 0 0 0 58.4467 0.00296816
W+1_RB2in_9B 88 0 0 0 19.4247 0.00101854
W+1_RB2out_9F 75 0 0 0 100.007 0.00322087
W+1_RB1out_9F 72 0 0 0 59.2465 0.00229716
W+1_RB1in_9F 19 0 0 0 1238.68 0.0480272
W+1_RB2out_9B 78 0 0 0 43.6452 0.00150546
W+1_RB1out_9B 83 0 0 0 11.8396 0.000491651
W+1_RB1in_9B 21 0 0 0 669.956 0.0278205
