322620  -61885899187
RE+4_2_09 33 0 0 0 358.443 0.0302108
RE+4_2_10 29 0 0 0 298.233 0.0251361
RE+4_2_11 3 0 0 0 711.803 0.0599932
RE+4_3_09 16 2 1 0 549.745 0.0278957
RE+4_3_10 19 1 1 0 514.397 0.026102
RE+4_3_11 9 0 0 0 1061.11 0.0538436
RE+4_2_12 26 1 0 0 572.82 0.0482793
RE+4_2_13 39 0 0 0 237.759 0.0200392
RE+4_2_14 16 1 0 0 4782.69 0.403101
RE+4_3_12 4 0 0 0 1284.61 0.0651847
RE+4_3_13 14 0 0 0 376.938 0.0191269
RE+4_3_14 23 0 0 0 1855.56 0.0941567
RE+4_2_15 6 1 0 0 716.867 0.0604201
RE+4_2_16 47 0 0 0 206.525 0.0174066
RE+4_2_17 6 0 0 0 1168.85 0.0985145
RE+4_3_15 11 0 0 0 602.565 0.0305759
RE+4_3_16 12 0 0 0 788.562 0.0400139
RE+4_3_17 12 0 0 0 952.096 0.0483121
RE+4_2_18 46 0 0 0 403.798 0.0340335
RE+4_2_19 18 1 0 0 747.078 0.0629663
RE+4_2_20 24 0 0 0 341.066 0.0287462
RE+4_3_18 17 0 0 0 446.904 0.0226772
RE+4_3_19 10 0 0 0 757.709 0.0384483
RE+4_3_20 29 0 0 0 423.942 0.021512
RE+4_2_21 9 0 0 0 680.123 0.0573231
RE+4_2_22 96 0 0 0 0 0
RE+4_2_23 8 5 4 0 743.268 0.0626452
RE+4_3_21 10 0 0 0 1491.39 0.0756777
RE+4_3_22 22 0 0 0 616.115 0.0312634
RE+4_3_23 26 0 0 0 430.417 0.0218406
RE+4_2_24 96 0 0 0 0 0
RE+4_2_25 46 0 0 0 414.757 0.0349572
RE+4_2_26 5 0 0 0 743.368 0.0626537
RE+4_3_24 31 0 0 0 461.103 0.0233977
RE+4_3_25 27 0 0 0 455.346 0.0231056
RE+4_3_26 16 0 0 0 446.912 0.0226776
RE+3_2_09 8 0 0 0 407.641 0.0343574
RE+3_2_10 0 0 0 0 809.824 0.0682548
RE+3_2_11 8 0 0 0 309.384 0.0260759
RE+3_3_09 8 0 0 0 714.013 0.0362311
RE+3_3_10 4 0 0 0 362.131 0.0183756
RE+3_3_11 2 0 0 0 1236.72 0.062755
RE+3_2_12 7 1 1 0 334.717 0.0282111
RE+3_2_13 3 0 0 0 357.154 0.0301021
RE+3_2_14 14 0 0 0 287.101 0.0241979
RE+3_3_12 11 0 0 0 430.561 0.0218479
RE+3_3_13 22 0 0 0 235.945 0.0119726
RE+3_3_14 17 0 0 0 306.322 0.0155436
RE+3_2_15 12 0 0 0 331.003 0.0278981
RE+3_2_16 15 0 0 0 211.212 0.0178017
RE+3_2_17 3 0 0 0 281.713 0.0237438
RE+3_3_15 35 0 0 0 187.931 0.00953618
RE+3_3_16 9 0 0 0 276.292 0.0140199
RE+3_3_17 10 0 0 0 321.914 0.0163348
RE+3_2_18 22 0 0 0 163.355 0.0137681
RE+3_2_19 20 0 0 0 269.521 0.0227161
RE+3_2_20 21 0 0 0 176.288 0.0148581
RE+3_3_18 29 1 1 0 168.939 0.00857246
RE+3_3_19 28 0 0 0 335.406 0.0170195
RE+3_3_20 16 0 0 0 250.231 0.0126975
RE+3_2_21 34 0 0 0 92.0675 0.00775977
RE+3_2_22 38 3 3 0 127.541 0.0107496
RE+3_2_23 12 0 0 0 186.112 0.0156862
RE+3_3_21 49 0 0 0 262.162 0.0133029
RE+3_3_22 33 0 0 0 179.324 0.00909942
RE+3_3_23 11 0 0 0 557.544 0.0282914
RE+3_2_24 48 0 0 0 131.231 0.0110606
RE+3_2_25 28 0 0 0 106.358 0.00896427
RE+3_2_26 22 0 0 0 122.987 0.0103657
RE+3_3_24 85 0 0 0 52.5165 0.00266484
RE+3_3_25 14 0 0 0 584.889 0.029679
RE+3_3_26 6 0 0 0 448.879 0.0227774
