322620  -61885899187
W0_RB4_1+F 96 0 0 0 0 0
W0_RB3_1F 45 0 0 0 394.503 0.0212904
W0_RB4_1+B 96 0 0 0 0 0
W0_RB3_1B 70 0 0 0 149.009 0.00861262
W0_RB2in_1F 63 0 0 0 199.178 0.00942647
W0_RB2in_1C 80 1 1 0 34.9943 0.00177716
W0_RB2in_1B 89 0 1 0 7.18286 0.000376634
W0_RB2out_1F 81 0 0 0 30.2345 0.000973748
W0_RB1out_1F 74 0 0 0 76.3558 0.00296054
W0_RB1in_1F 87 0 0 0 25.8978 0.00100413
W0_RB2out_1B 83 1 1 0 7.20609 0.000248561
W0_RB1out_1B 82 0 0 0 13.4491 0.000558483
W0_RB1in_1B 87 0 1 0 14.5897 0.000605848
W0_RB4_2+F 30 0 0 0 616.58 0.0248725
W0_RB3_2F 41 0 0 0 742.217 0.0400557
W0_RB4_2+B 37 0 0 0 480.565 0.0207622
W0_RB3_2B 50 0 0 0 367.725 0.0212543
W0_RB2in_2F 80 0 0 0 70.3363 0.0033288
W0_RB2in_2C 51 0 0 0 207.576 0.0105416
W0_RB2in_2B 83 0 2 0 21.7742 0.00114173
W0_RB2out_2F 74 0 0 0 90.233 0.00290609
W0_RB1out_2F 71 0 0 0 128.206 0.0049709
W0_RB1in_2F 73 0 0 0 81.1408 0.00314607
W0_RB2out_2B 79 0 0 0 46.1135 0.0015906
W0_RB1out_2B 65 0 0 0 77.0552 0.00319978
W0_RB1in_2B 33 1 1 0 515.267 0.0213969
W0_RB4_3+F 31 0 0 0 1075.75 0.0433951
W0_RB3_3F 65 8 0 0 104.526 0.00564104
W0_RB4_3+B 34 1 1 0 529.239 0.0228651
W0_RB3_3B 78 0 0 0 87.0746 0.00503287
W0_RB2in_3F 60 8 0 0 92.2794 0.00436731
W0_RB2in_3C 83 0 0 0 35.3903 0.00179727
W0_RB2in_3B 73 0 0 0 69.8327 0.00366168
W0_RB2out_3F 77 0 0 0 98.2805 0.00316527
W0_RB1out_3F 74 0 0 0 105.331 0.00408399
W0_RB1in_3F 83 0 0 0 57.8497 0.002243
W0_RB2out_3B 73 0 0 0 88.9296 0.00306747
W0_RB1out_3B 83 0 0 0 27.553 0.00114416
W0_RB1in_3B 85 0 0 0 30.7076 0.00127516
W0_RB4_10-F 54 1 1 0 57.3218 0.00184614
W0_RB4_10+F 45 13 2 0 56.1454 0.00180825
W0_RB3_10F 63 0 0 0 165.034 0.00890649
W0_RB4_10-B 58 0 0 0 36.5876 0.00126202
W0_RB4_10+B 57 0 0 0 60.1388 0.00207438
W0_RB3_10B 70 1 1 0 118.248 0.00683469
W0_RB2in_10F 80 0 0 0 76.267 0.00360949
W0_RB2in_10C 87 0 0 0 24.6175 0.00125018
W0_RB2in_10B 87 0 0 0 21.9042 0.00114855
W0_RB2out_10F 72 0 0 0 87.6433 0.00282269
W0_RB1out_10F 77 0 0 0 78.5571 0.00304589
W0_RB1in_10F 66 0 0 0 143.907 0.00557968
W0_RB2out_10B 80 0 0 0 104.184 0.00359364
W0_RB1out_10B 79 0 0 0 39.3398 0.00163362
W0_RB1in_10B 85 0 0 0 36.6861 0.00152342
W0_RB4_11F 41 0 0 0 138.548 0.00558895
W0_RB3_11F 46 13 1 0 552.643 0.0298249
W0_RB4_11B 33 3 5 0 130.052 0.0056187
W0_RB3_11B 78 0 0 0 62.768 0.00362796
W0_RB2in_11F 62 0 0 0 172.022 0.00814127
W0_RB2in_11C 79 0 0 0 43.2743 0.00219765
W0_RB2in_11B 88 0 0 0 18.998 0.000996164
W0_RB2out_11F 69 0 0 0 118.634 0.00382079
W0_RB1out_11F 48 0 0 0 267.82 0.0103842
W0_RB1in_11F 74 0 0 0 78.0848 0.00302757
W0_RB2out_11B 70 0 0 0 206.699 0.00712972
W0_RB1out_11B 67 0 0 0 115.154 0.00478187
W0_RB1in_11B 37 0 0 0 708.862 0.0294361
W0_RB4_12+F 63 2 2 0 178.871 0.00721558
W0_RB3_12F 45 1 0 0 288.182 0.0155525
W0_RB4_12+B 59 2 2 0 218.919 0.00945808
W0_RB3_12B 54 0 0 0 267.055 0.0154356
W0_RB2in_12F 82 0 1 0 73.8949 0.00349722
W0_RB2in_12C 58 1 0 0 164.862 0.00837237
W0_RB2in_12B 75 0 1 0 53.3071 0.00279516
W0_RB2out_12F 74 0 0 0 93.0252 0.00299602
W0_RB1out_12F 29 0 0 0 219.958 0.00852842
W0_RB1in_12F 66 0 0 0 139.223 0.00539809
W0_RB2out_12B 59 0 0 0 206.518 0.00712346
W0_RB1out_12B 79 0 0 0 88.8641 0.00369016
W0_RB1in_12B 80 0 0 0 42.1436 0.00175005
