322620  -61885899187
W-1_RB4_1+F 53 0 0 0 309.381 0.0124803
W-1_RB3_1F 3 12 69 0 0 0
W-1_RB4_1+B 51 0 1 0 225.029 0.00972205
W-1_RB3_1B 0 5 79 0 0 0
W-1_RB2in_1F 81 0 0 0 46.7174 0.00221099
W-1_RB2in_1C 83 0 1 1 52538.1 2.6681
W-1_RB2in_1B 85 0 0 0 14.2291 0.000746105
W-1_RB2out_1F 73 0 0 0 103.227 0.00332457
W-1_RB1out_1F 78 0 0 0 46.5655 0.00180548
W-1_RB1in_1F 71 0 0 0 96.4466 0.00373951
W-1_RB2out_1B 76 4 0 0 26.4672 0.000912939
W-1_RB1out_1B 84 0 0 0 10.6681 0.000443003
W-1_RB1in_1B 90 0 0 0 9.82362 0.000407934
W-1_RB4_2+F 54 13 35 0 0 0
W-1_RB3_2F 73 0 0 0 92.8308 0.00500987
W-1_RB4_2+B 92 2 3 0 0 0
W-1_RB3_2B 75 0 0 0 73.5866 0.00425327
W-1_RB2in_2F 72 0 0 0 70.9467 0.00335769
W-1_RB2in_2C 74 0 0 0 90.5739 0.00459971
W-1_RB2in_2B 81 0 1 0 49.6634 0.00260411
W-1_RB2out_2F 77 0 0 0 65.2187 0.00210047
W-1_RB1out_2F 22 0 0 0 904.133 0.0350559
W-1_RB1in_2F 25 0 0 0 807.451 0.0313072
W-1_RB2out_2B 82 1 0 0 15.8687 0.000547361
W-1_RB1out_2B 40 1 1 0 426.466 0.0177093
W-1_RB1in_2B 38 0 0 0 497.373 0.0206538
W-1_RB4_3+F 46 0 0 0 303.072 0.0144813
W-1_RB3_3F 71 0 0 0 99.9481 0.00638907
W-1_RB4_3+B 60 0 0 0 196.047 0.0101657
W-1_RB3_3B 69 0 0 0 186.572 0.0129428
W-1_RB2in_3F 63 0 0 0 223.01 0.013687
W-1_RB2in_3C 72 0 0 0 66.1279 0.00335825
W-1_RB2in_3B 88 0 0 0 16.4579 0.00115614
W-1_RB2out_3F 79 0 0 0 53.4077 0.0020374
W-1_RB1out_3F 24 0 0 0 419.305 0.019257
W-1_RB1in_3F 26 0 0 0 235.565 0.0108185
W-1_RB2out_3B 73 4 0 0 61.1911 0.00253325
W-1_RB1out_3B 69 0 0 0 65.3065 0.00325485
W-1_RB1in_3B 53 0 0 0 116.782 0.00582034
W-1_RB4_10+F 51 0 0 0 155.597 0.00501123
W-1_RB4_10-F 53 1 1 0 96.5346 0.00310905
W-1_RB3_10F 60 0 0 0 262.301 0.0141558
W-1_RB4_10+B 58 0 0 0 27.188 0.000937803
W-1_RB4_10-B 57 0 0 0 39.526 0.00136338
W-1_RB3_10B 50 0 0 0 298.638 0.0172611
W-1_RB2in_10F 87 0 0 0 34.4166 0.00162883
W-1_RB2in_10C 89 0 0 0 35.9849 0.00182746
W-1_RB2in_10B 81 0 0 0 49.692 0.0026056
W-1_RB2out_10F 63 0 0 0 135.758 0.00437229
W-1_RB1out_10F 39 0 0 0 295.048 0.0114399
W-1_RB1in_10F 58 0 0 0 183.24 0.00710476
W-1_RB2out_10B 74 0 0 0 84.5608 0.00291678
W-1_RB1out_10B 50 0 0 0 224.733 0.00933222
W-1_RB1in_10B 58 0 0 0 170.869 0.00709549
W-1_RB4_11F 44 0 0 0 70.0682 0.00282652
W-1_RB3_11F 71 8 2 0 2246.13 0.121219
W-1_RB4_11B 46 0 0 0 22.5933 0.000976114
W-1_RB3_11B 64 14 8 0 67.57 0.00390551
W-1_RB2in_11F 79 0 0 0 58.0333 0.00274654
W-1_RB2in_11C 62 0 0 0 122.251 0.00620842
W-1_RB2in_11B 85 0 0 0 20.3734 0.00106828
W-1_RB2out_11F 76 0 0 0 97.0955 0.00312711
W-1_RB1out_11F 28 0 0 0 544.729 0.0211207
W-1_RB1in_11F 32 0 0 0 496.819 0.0192631
W-1_RB2out_11B 74 0 0 0 71.7644 0.00247538
W-1_RB1out_11B 22 0 0 0 571.831 0.0237458
W-1_RB1in_11B 31 0 0 0 863.195 0.0358449
W-1_RB4_12+F 37 0 0 0 2061.77 0.0831707
W-1_RB3_12F 37 0 41 0 47.9529 0.00258791
W-1_RB4_12+B 38 0 0 0 990.41 0.0427893
W-1_RB3_12B 39 0 39 0 79.6605 0.00460433
W-1_RB2in_12F 50 0 0 0 146.512 0.00693396
W-1_RB2in_12C 70 0 0 0 92.8552 0.00471557
W-1_RB2in_12B 79 0 0 0 35.5455 0.00186383
W-1_RB2out_12F 76 0 0 0 97.5914 0.00314308
W-1_RB1out_12F 76 0 0 0 48.6332 0.00188565
W-1_RB1in_12F 28 0 0 0 393.834 0.0152701
W-1_RB2out_12B 60 0 0 0 157.729 0.0054406
W-1_RB1out_12B 74 0 0 0 65.2665 0.00271025
W-1_RB1in_12B 49 0 0 0 250.628 0.0104075
