322620  -61885899187
RE+1_2_36 34 0 0 0 10223.9 0.868853
RE+1_2_01 46 0 2 0 122.09 0.0103755
RE+1_2_02 45 0 0 0 144.844 0.0123092
RE+1_3_36 65 0 0 0 123.317 0.00688658
RE+1_3_01 37 0 0 0 351.068 0.0196052
RE+1_3_02 32 0 0 0 277.934 0.0155211
RE+2_2_02 28 0 0 0 208.45 0.0175689
RE+2_2_03 27 0 0 0 228.832 0.0192868
RE+2_2_04 47 0 0 0 107.88 0.00909254
RE+2_3_02 22 0 0 0 266.866 0.0135416
RE+2_3_03 25 0 0 0 232.588 0.0118022
RE+2_3_04 43 0 0 0 311.76 0.0158196
RE+1_2_03 21 0 0 0 143.611 0.0122044
RE+1_2_04 4 1 1 0 488.801 0.0415395
RE+1_2_05 56 0 0 0 103.101 0.00876173
RE+1_3_03 70 0 0 0 73.5668 0.00410831
RE+1_3_04 60 0 0 0 133.24 0.00744072
RE+1_3_05 40 0 0 0 388.25 0.0216817
RE+2_2_05 28 0 0 0 240.168 0.0202422
RE+2_2_06 34 0 0 0 134.719 0.0113546
RE+2_2_07 23 0 0 0 149.6 0.0126088
RE+2_3_05 15 0 0 0 363.903 0.0184655
RE+2_3_06 63 0 0 0 102.234 0.00518763
RE+2_3_07 36 0 0 0 222.349 0.0112826
RE+1_1_03 22 0 0 0 48.5091 0.0286004
RE+1_1_04 27 0 0 0 4285.29 2.52656
RE+1_2_06 10 0 0 0 408.984 0.0347564
RE+1_2_07 24 0 0 0 258.333 0.0219537
RE+1_2_08 66 1 1 0 54.8333 0.00465986
RE+1_3_06 48 0 0 0 189.279 0.0105702
RE+1_3_07 34 0 0 0 182.939 0.0102161
RE+1_3_08 18 0 0 0 229.157 0.0127972
RE+1_1_01 0 0 0 0 216725 127.778
RE+1_1_02 25 1 0 0 42.6746 0.0251604
RE+2_2_08 9 0 0 0 379.886 0.0320181
RE+2_2_09 36 0 0 0 118.711 0.0100054
RE+2_2_10 8 0 0 0 249.61 0.021038
RE+2_3_08 23 0 0 0 279.914 0.0142037
RE+2_3_09 13 0 0 0 319.741 0.0162246
RE+2_3_10 21 0 0 0 259.305 0.0131579
RE+1_2_27 4 0 0 0 567.045 0.0481888
RE+1_2_28 21 0 0 0 253.941 0.0215805
RE+1_2_29 11 3 4 0 12068.1 1.02558
RE+1_3_27 56 0 0 0 124.473 0.00695115
RE+1_3_28 66 0 0 0 185.841 0.0103782
RE+1_3_29 50 4 4 0 161.485 0.00901807
RE+2_2_29 32 0 0 0 140.915 0.0118768
RE+2_2_30 27 0 0 0 169.452 0.014282
RE+2_2_31 28 0 0 0 162.54 0.0136994
RE+2_3_29 24 0 0 0 798.021 0.0404939
RE+2_3_30 9 0 0 0 1398.66 0.0709719
RE+2_3_31 10 0 0 0 2111.37 0.107137
RE+1_2_30 81 0 0 0 38.2081 0.00324702
RE+1_2_31 18 0 0 0 248.755 0.0211398
RE+1_2_32 93 0 0 0 14.5363 0.00123533
RE+1_3_30 92 0 0 0 22.4984 0.00125641
RE+1_3_31 81 0 0 0 526.544 0.0294047
RE+1_3_32 42 0 0 0 263.366 0.0147076
RE+2_2_32 35 0 0 0 605.261 0.0510135
RE+2_2_33 25 0 0 0 183.856 0.015496
RE+2_2_34 17 0 0 0 207.961 0.0175277
RE+2_3_32 7 0 0 0 2404.87 0.12203
RE+2_3_33 21 0 0 0 479.886 0.0243508
RE+2_3_34 37 0 0 0 174.661 0.0088628
RE+1_2_33 21 0 0 0 179.334 0.0152403
RE+1_2_34 7 1 1 0 308.848 0.0262467
RE+1_2_35 95 1 1 0 0 0
RE+1_3_33 73 0 0 0 68.368 0.00381798
RE+1_3_34 75 0 0 0 81.8254 0.0045695
RE+1_3_35 50 0 0 0 376.068 0.0210014
RE+2_2_35 25 0 0 0 178.612 0.015054
RE+2_2_36 66 0 0 0 93.7204 0.00789908
RE+2_2_01 47 0 1 0 86.316 0.00727501
RE+2_3_35 14 0 0 0 438.561 0.0222539
RE+2_3_36 11 0 0 0 295.566 0.0149979
RE+2_3_01 58 0 0 0 138.663 0.00703614
