322620  -61885899187
RE+4_2_33 30 0 0 0 411.117 0.0346504
RE+4_2_34 18 0 1 0 428.285 0.0360974
RE+4_2_35 14 1 2 0 385.286 0.0324733
RE+4_3_33 8 0 0 0 1651.74 0.0838139
RE+4_3_34 10 0 0 0 736.357 0.0373649
RE+4_3_35 13 1 1 0 603.695 0.0306332
RE+4_2_36 13 1 0 0 598.209 0.0504191
RE+4_2_01 13 1 1 0 1065.1 0.0897707
RE+4_2_02 27 1 0 0 400.937 0.0337924
RE+4_3_36 20 0 0 0 638.669 0.0324079
RE+4_3_01 26 0 0 0 395.356 0.0200615
RE+4_3_02 24 9 8 0 451.976 0.0229346
RE+4_2_03 20 0 0 0 545.586 0.0459839
RE+4_2_04 28 2 0 0 397.655 0.0335157
RE+4_2_05 10 1 0 0 520.381 0.0438595
RE+4_3_03 18 1 0 0 507.233 0.0257385
RE+4_3_04 19 0 1 0 600.911 0.0304919
RE+4_3_05 26 0 1 0 737.668 0.0374314
RE+4_2_06 12 1 0 0 746.353 0.0629052
RE+4_2_07 12 2 2 0 680.706 0.0573723
RE+4_2_08 31 1 1 0 199.747 0.0168354
RE+4_3_06 14 0 0 0 672.731 0.0341363
RE+4_3_07 11 0 0 0 593.333 0.0301074
RE+4_3_08 17 0 0 0 509.63 0.0258601
RE+4_2_27 13 0 0 0 723.209 0.0609546
RE+4_2_28 7 2 0 0 857.278 0.0722544
RE+4_2_29 19 0 0 0 730.535 0.061572
RE+4_3_27 33 0 0 0 970.045 0.0492229
RE+4_3_28 9 0 0 0 750.194 0.038067
RE+4_3_29 14 0 0 0 948.891 0.0481495
RE+4_2_30 42 0 0 0 533.897 0.0449987
RE+4_2_31 47 0 0 0 199.106 0.0167813
RE+4_2_32 49 0 0 0 306.49 0.025832
RE+4_3_30 19 0 0 0 437.81 0.0222158
RE+4_3_31 10 0 0 0 614.404 0.0311766
RE+4_3_32 8 0 0 0 730.523 0.0370689
RE+3_2_03 23 0 0 0 154.555 0.0130264
RE+3_2_04 30 0 0 0 227.304 0.0191579
RE+3_2_05 50 0 0 0 76.3259 0.00643302
RE+3_3_03 25 0 0 0 297.61 0.0151016
RE+3_3_04 11 0 0 0 454.298 0.0230524
RE+3_3_05 46 8 8 0 109.871 0.0055752
RE+3_2_06 26 0 0 0 179.659 0.0151423
RE+3_2_07 4 0 0 0 527.043 0.044421
RE+3_2_08 13 1 1 0 280.396 0.0236327
RE+3_3_06 35 1 1 0 177.484 0.00900604
RE+3_3_07 13 0 0 0 277.795 0.0140961
RE+3_3_08 5 0 0 0 450.83 0.0228764
RE+3_2_33 19 0 0 0 224.945 0.0189591
RE+3_2_34 26 0 0 0 120.527 0.0101584
RE+3_2_35 28 0 0 0 101.169 0.00852688
RE+3_3_33 31 0 0 0 387.782 0.0196772
RE+3_3_34 75 0 0 0 89.1175 0.00452208
RE+3_3_35 15 0 0 0 533.916 0.0270924
RE+3_2_36 21 0 0 0 170.79 0.0143948
RE+3_2_01 27 0 0 0 132.511 0.0111685
RE+3_2_02 12 0 0 0 214.495 0.0180784
RE+3_3_36 40 0 0 0 266.674 0.0135318
RE+3_3_01 38 0 0 0 196.942 0.00999341
RE+3_3_02 36 0 0 0 181.306 0.00919999
RE+3_2_27 58 0 0 0 64.629 0.00544716
RE+3_2_28 17 0 0 0 157.278 0.0132559
RE+3_2_29 29 0 0 0 174.681 0.0147228
RE+3_3_27 28 0 0 0 343.788 0.0174448
RE+3_3_28 35 0 0 0 253.198 0.012848
RE+3_3_29 53 0 0 0 142.536 0.00723268
RE+3_2_30 36 0 0 0 130.626 0.0110096
RE+3_2_31 29 0 0 0 186.022 0.0156786
RE+3_2_32 18 0 0 0 150.085 0.0126497
RE+3_3_30 80 0 0 0 63.3861 0.00321639
RE+3_3_31 73 0 0 0 67.601 0.00343027
RE+3_3_32 12 0 0 0 646.968 0.032829
