322620  -61885899187
W+1_RB4_1+F 43 0 0 0 702.338 0.028332
W+1_RB3_1F 59 0 0 0 187.551 0.0101217
W+1_RB4_1+B 52 0 0 0 593.239 0.0256301
W+1_RB3_1B 71 0 0 0 136.898 0.00791263
W+1_RB2in_1F 71 0 0 0 77.0875 0.00364832
W+1_RB2in_1C 86 0 0 0 18.1334 0.000920889
W+1_RB2in_1B 87 0 0 0 9.6749 0.000507304
W+1_RB2out_1F 80 0 0 0 44.0284 0.001418
W+1_RB1out_1F 84 0 0 0 17.0766 0.000662111
W+1_RB1in_1F 89 0 1 0 13.0147 0.000504618
W+1_RB2out_1B 83 0 0 0 9.92913 0.000342488
W+1_RB1out_1B 78 1 5 0 6.58908 0.000273617
W+1_RB1in_1B 76 5 14 0 10.0804 0.000418599
W+1_RB4_2+F 40 0 0 0 1002.36 0.0404346
W+1_RB3_2F 49 0 0 0 465.884 0.0251427
W+1_RB4_2+B 43 0 0 0 1140.93 0.0492923
W+1_RB3_2B 37 0 0 0 448.877 0.0259448
W+1_RB2in_2F 73 0 0 0 105.297 0.00498339
W+1_RB2in_2C 59 0 0 0 110.337 0.00560335
W+1_RB2in_2B 80 4 0 0 29.9916 0.00157261
W+1_RB2out_2F 58 0 0 0 284.451 0.00916119
W+1_RB1out_2F 50 0 0 0 180.44 0.00699617
W+1_RB1in_2F 30 0 0 0 1875.01 0.0726997
W+1_RB2out_2B 48 0 0 0 291.233 0.0100456
W+1_RB1out_2B 55 0 0 0 230.676 0.009579
W+1_RB1in_2B 58 0 0 0 207.265 0.00860683
W+1_RB4_3+F 10 0 0 0 1429.34 0.0576588
W+1_RB3_3F 65 0 0 0 139.45 0.0075258
W+1_RB4_3+B 8 1 1 0 2316.67 0.100089
W+1_RB3_3B 80 0 0 0 52.8405 0.00305415
W+1_RB2in_3F 44 0 0 0 291.833 0.0138116
W+1_RB2in_3C 77 0 0 0 59.6516 0.00302935
W+1_RB2in_3B 70 0 0 0 57.1093 0.00299453
W+1_RB2out_3F 33 0 0 0 333.981 0.0107564
W+1_RB1out_3F 44 0 0 0 266.658 0.0103391
W+1_RB1in_3F 34 0 0 0 785.638 0.0304615
W+1_RB2out_3B 69 0 0 0 128.51 0.00443273
W+1_RB1out_3B 84 0 0 0 8.62133 0.000358008
W+1_RB1in_3B 83 0 0 0 43.1147 0.00179037
W+1_RB4_10-F 49 4 5 0 56.4529 0.00181815
W+1_RB4_10+F 59 1 1 0 38.3242 0.00123429
W+1_RB3_10F 66 0 0 0 185.869 0.0100309
W+1_RB4_10-B 51 2 0 0 85.7873 0.00295908
W+1_RB4_10+B 58 0 0 0 36.215 0.00124917
W+1_RB3_10B 62 0 0 0 192.163 0.0111069
W+1_RB2in_10F 75 0 0 0 150.844 0.00713898
W+1_RB2in_10C 85 0 0 0 60.2636 0.00306043
W+1_RB2in_10B 79 0 0 0 54.3739 0.0028511
W+1_RB2out_10F 66 0 0 0 148.641 0.0047872
W+1_RB1out_10F 8 0 0 0 1318.59 0.0511255
W+1_RB1in_10F 89 0 0 0 36.3833 0.00141069
W+1_RB2out_10B 39 0 0 0 298.714 0.0103036
W+1_RB1out_10B 32 0 0 0 421.035 0.0174838
W+1_RB1in_10B 89 0 0 0 37.9491 0.00157587
W+1_RB4_11F 46 0 0 0 74.2767 0.00299628
W+1_RB3_11F 65 1 0 0 197.204 0.0106426
W+1_RB4_11B 46 0 0 0 24.6276 0.001064
W+1_RB3_11B 71 0 0 0 120.646 0.00697327
W+1_RB2in_11F 72 0 0 0 67.1429 0.00317767
W+1_RB2in_11C 85 1 1 0 34.1979 0.00173671
W+1_RB2in_11B 89 0 0 0 9.55648 0.000501095
W+1_RB2out_11F 68 0 0 0 134.02 0.00431632
W+1_RB1out_11F 28 0 0 0 568.312 0.0220351
W+1_RB1in_11F 47 0 0 0 418.897 0.0162419
W+1_RB2out_11B 52 1 0 0 354.054 0.0122125
W+1_RB1out_11B 54 0 0 0 683.471 0.0283817
W+1_RB1in_11B 80 0 0 0 2029.03 0.084257
W+1_RB4_12+F 42 0 0 0 553.479 0.0223271
W+1_RB3_12F 47 0 0 0 345.949 0.0186701
W+1_RB4_12+B 62 0 0 0 207.439 0.00896213
W+1_RB3_12B 74 0 0 0 97.0921 0.00561187
W+1_RB2in_12F 14 0 0 0 1234.33 0.0584172
W+1_RB2in_12C 20 0 0 0 497.803 0.0252805
W+1_RB2in_12B 15 0 0 0 2450.43 0.128489
W+1_RB2out_12F 24 0 0 0 1281.48 0.041272
W+1_RB1out_12F 56 0 0 0 213.191 0.00826605
W+1_RB1in_12F 36 0 0 0 674.199 0.0261407
W+1_RB2out_12B 26 0 0 0 2047.58 0.0706277
W+1_RB1out_12B 49 0 0 0 186.33 0.00773749
W+1_RB1in_12B 23 13 1 0 637.19 0.0264598
