322620  -61885899187
RE+1_2_09 57 0 0 0 62.1976 0.0052857
RE+1_2_10 22 0 0 0 1033.72 0.0878483
RE+1_2_11 67 2 0 0 1058.73 0.0899736
RE+1_3_09 58 0 0 0 108.594 0.00606441
RE+1_3_10 84 0 0 0 59.6845 0.00333305
RE+1_3_11 31 0 0 0 421.557 0.0235417
RE+2_2_11 22 0 0 0 215.762 0.0181852
RE+2_2_12 57 0 0 0 67.3969 0.00568045
RE+2_2_13 25 0 0 0 217.016 0.0182909
RE+2_3_11 65 0 0 0 280.797 0.0142485
RE+2_3_12 45 0 0 0 182.283 0.00924957
RE+2_3_13 49 0 0 0 137.923 0.00699859
RE+1_2_12 10 0 0 0 266.586 0.0226551
RE+1_2_13 16 0 0 0 217.987 0.0185251
RE+1_2_14 15 0 0 0 251.245 0.0213514
RE+1_3_12 63 0 0 0 143.159 0.00799465
RE+1_3_13 34 0 0 0 259.266 0.0144786
RE+1_3_14 74 0 0 0 62.8496 0.00350981
RE+2_2_14 4 0 0 0 673.202 0.0567398
RE+2_2_15 50 0 0 0 128.389 0.0108211
RE+2_2_16 33 0 0 0 104.839 0.00883618
RE+2_3_14 15 0 0 0 507.783 0.0257664
RE+2_3_15 44 0 0 0 165.675 0.00840682
RE+2_3_16 28 0 0 0 212.003 0.0107576
RE+1_2_15 3 0 0 0 270.418 0.0229808
RE+1_2_16 8 0 0 0 329.221 0.027978
RE+1_2_17 4 0 0 0 530.43 0.0450772
RE+1_3_15 55 0 0 0 107.659 0.00601217
RE+1_3_16 77 0 0 0 81.652 0.00455982
RE+1_3_17 28 0 0 0 498.864 0.0278589
RE+2_2_17 25 0 0 0 210.748 0.0177626
RE+2_2_18 18 0 0 0 169.725 0.014305
RE+2_2_19 36 0 0 0 223.015 0.0187965
RE+2_3_17 36 0 0 0 325.449 0.0165142
RE+2_3_18 31 0 0 0 712.691 0.036164
RE+2_3_19 42 0 0 0 211.051 0.0107094
RE+1_2_18 40 1 1 0 164.965 0.0140191
RE+1_2_19 23 0 0 0 203.595 0.0173019
RE+1_2_20 33 0 0 0 140.071 0.0119036
RE+1_3_18 52 0 0 0 186.363 0.0104074
RE+1_3_19 36 0 0 0 207.485 0.0115869
RE+1_3_20 43 0 0 0 200.295 0.0111854
RE+2_2_20 16 0 0 0 195.541 0.0164808
RE+2_2_21 32 0 0 0 142.023 0.0119702
RE+2_2_22 1 0 0 0 362.05 0.0305148
RE+2_3_20 7 0 0 0 724.739 0.0367754
RE+2_3_21 0 0 0 0 1638.36 0.0831351
RE+2_3_22 13 0 0 0 456.242 0.0231511
RE+1_2_21 25 0 0 0 195.792 0.0166389
RE+1_2_22 40 0 0 0 158.111 0.0134367
RE+1_2_23 13 0 0 0 430.522 0.0365868
RE+1_3_21 28 0 0 0 283.253 0.0158181
RE+1_3_22 89 0 0 0 30.5338 0.00170515
RE+1_3_23 47 0 0 0 209.314 0.0116891
RE+2_2_23 49 0 0 0 131.915 0.0111183
RE+2_2_24 21 0 0 0 211.148 0.0177963
RE+2_2_25 27 0 0 0 187.062 0.0157662
RE+2_3_23 38 0 0 0 208.617 0.0105858
RE+2_3_24 12 0 0 0 1556.34 0.0789734
RE+2_3_25 6 0 0 0 476.805 0.0241945
RE+1_2_24 46 0 0 0 105.786 0.00898996
RE+1_2_25 31 0 0 0 156.066 0.0132629
RE+1_2_26 49 0 0 0 82.2038 0.00698587
RE+1_3_24 64 0 0 0 97.0593 0.00542024
RE+1_3_25 60 0 0 0 118.317 0.00660734
RE+1_3_26 33 0 0 0 344.227 0.0192232
RE+2_2_26 26 0 0 0 181.728 0.0153166
RE+2_2_27 42 0 0 0 238.847 0.0201309
RE+2_2_28 37 0 0 0 157.229 0.0132518
RE+2_3_26 4 0 0 0 517.751 0.0262722
RE+2_3_27 5 0 0 0 1974.36 0.100185
RE+2_3_28 11 0 0 0 2481.58 0.125923
