322620  -61885899187
W+2_RB4_1+F 81 1 1 0 126.031 0.00508401
W+2_RB3_1F 75 0 0 0 82.5371 0.00445434
W+2_RB4_1+B 73 0 0 0 167.001 0.00721506
W+2_RB3_1B 82 0 0 0 37.1229 0.00214568
W+2_RB2out_1F 73 1 0 0 47.8307 0.00226368
W+2_RB2out_1C 81 0 0 0 18.2296 0.000925776
W+2_RB2out_1B 79 0 1 0 21.9861 0.00115284
W+2_RB2in_1F 86 0 0 0 37.7577 0.00121604
W+2_RB1out_1F 72 0 0 0 59.2324 0.00229661
W+2_RB1in_1F 58 0 2 0 183.271 0.00710593
W+2_RB2in_1B 90 0 0 0 14.1769 0.000489006
W+2_RB1out_1B 78 1 1 0 33.4441 0.00138879
W+2_RB1in_1B 55 0 1 0 208.934 0.00867616
W+2_RB4_2+F 31 0 0 0 1114.94 0.0449762
W+2_RB3_2F 51 0 0 0 309.86 0.0167225
W+2_RB4_2+B 24 0 0 0 1582.85 0.0683848
W+2_RB3_2B 61 0 0 0 218.876 0.0126509
W+2_RB2out_2F 80 0 0 0 59.8675 0.00283335
W+2_RB2out_2C 61 0 0 0 123.834 0.0062888
W+2_RB2out_2B 60 0 0 0 131.233 0.00688123
W+2_RB2in_2F 50 0 0 0 198.41 0.00639008
W+2_RB1out_2F 8 0 0 0 3307.6 0.128245
W+2_RB1in_2F 6 0 0 0 1136.21 0.044054
W+2_RB2in_2B 81 1 1 0 93.0876 0.00321089
W+2_RB1out_2B 36 0 0 0 563.803 0.0234124
W+2_RB1in_2B 33 0 0 0 965.638 0.0400989
W+2_RB4_3+F 33 0 0 0 1398.93 0.0564322
W+2_RB3_3F 66 0 0 0 152.118 0.00820945
W+2_RB4_3+B 36 0 0 0 1793.38 0.0774806
W+2_RB3_3B 76 0 0 0 60.3962 0.00349087
W+2_RB2out_3F 39 0 0 0 161.593 0.00764769
W+2_RB2out_3C 67 0 0 0 75.4529 0.00383181
W+2_RB2out_3B 60 7 10 0 55.1374 0.00289113
W+2_RB2in_3F 65 0 0 0 136.321 0.00439044
W+2_RB1out_3F 43 0 0 0 246.092 0.00954169
W+2_RB1in_3F 3 1 0 0 1518.9 0.0588921
W+2_RB2in_3B 90 0 0 0 15.6975 0.000541457
W+2_RB1out_3B 59 1 0 0 108.74 0.0045155
W+2_RB1in_3B 7 0 0 0 2022.04 0.083967
W+2_RB4_10-F 58 0 0 0 56.2802 0.00181259
W+2_RB4_10+F 53 0 0 0 114.542 0.00368899
W+2_RB3_10F 59 0 0 0 176.165 0.00950724
W+2_RB4_10-B 57 0 0 0 39.0421 0.00134669
W+2_RB4_10+B 56 0 0 0 68.1872 0.002352
W+2_RB3_10B 50 0 0 0 298.899 0.0172762
W+2_RB2out_10F 77 0 0 0 65.6302 0.00310608
W+2_RB2out_10C 67 0 0 0 87.917 0.00446478
W+2_RB2out_10B 75 0 0 0 38.8077 0.00203488
W+2_RB2in_10F 55 1 0 0 264.961 0.00853347
W+2_RB1out_10F 43 0 0 0 434.1 0.0168313
W+2_RB1in_10F 38 0 0 0 551.421 0.0213802
W+2_RB2in_10B 43 1 1 0 486.728 0.0167888
W+2_RB1out_10B 35 0 0 0 272.205 0.0113035
W+2_RB1in_10B 33 0 0 0 1076.58 0.0447059
W+2_RB4_11F 42 4 4 0 24.8453 0.00100225
W+2_RB3_11F 69 0 0 0 95.0527 0.00512978
W+2_RB4_11B 48 0 0 0 10.8899 0.000470484
W+2_RB3_11B 80 0 1 0 21.0203 0.00121496
W+2_RB2out_11F 79 0 0 0 35.1621 0.00166412
W+2_RB2out_11C 64 0 0 0 134.854 0.00684846
W+2_RB2out_11B 81 0 0 0 17.7134 0.000928802
W+2_RB2in_11F 88 0 0 0 70.6344 0.00227489
W+2_RB1out_11F 55 0 1 0 198.8 0.00770804
W+2_RB1in_11F 34 0 0 0 605.238 0.0234669
W+2_RB2in_11B 88 0 1 0 34.5569 0.00119198
W+2_RB1out_11B 75 0 0 0 64.6696 0.00268546
W+2_RB1in_11B 33 0 0 0 1583.02 0.0657363
W+2_RB4_12+F 46 4 3 0 380.21 0.0153375
W+2_RB3_12F 61 9 9 0 66.5193 0.00358989
W+2_RB4_12+B 45 1 1 0 383.639 0.0165746
W+2_RB3_12B 67 11 4 0 28.1297 0.00162588
W+2_RB2out_12F 42 0 0 0 309.189 0.014633
W+2_RB2out_12C 68 0 1 0 82.8833 0.00420915
W+2_RB2out_12B 59 1 1 0 92.0232 0.00482524
W+2_RB2in_12F 70 1 0 0 135.207 0.00435454
W+2_RB1out_12F 84 0 0 0 8.04246 0.00031183
W+2_RB1in_12F 39 0 0 0 537.82 0.0208528
W+2_RB2in_12B 82 1 1 0 78.9434 0.00272301
W+2_RB1out_12B 56 0 0 0 538.939 0.0223799
W+2_RB1in_12B 89 0 1 0 2.80558 0.000116504
