322620  -61885899187
RE-4_2_09 28 1 0 0 334.091 0.0281584
RE-4_2_10 25 0 0 0 582.59 0.0491028
RE-4_2_11 18 1 0 0 679.589 0.0572781
RE-4_3_09 11 0 0 0 782.627 0.0397127
RE-4_3_10 17 0 0 0 541.982 0.0275017
RE-4_3_11 63 0 0 0 114.879 0.00582929
RE-4_2_12 37 0 0 0 600.637 0.0506238
RE-4_2_13 8 5 2 0 522.542 0.0440416
RE-4_2_14 34 0 0 0 500.323 0.042169
RE-4_3_12 3 0 0 0 2367.34 0.120126
RE-4_3_13 12 0 0 0 1316.23 0.0667893
RE-4_3_14 15 0 0 0 1383.43 0.0701994
RE-4_2_15 6 2 0 0 581.493 0.0490103
RE-4_2_16 15 1 0 0 959.087 0.0808352
RE-4_2_17 2 0 0 0 13520.3 1.13954
RE-4_3_15 20 1 1 0 648.87 0.0329255
RE-4_3_16 6 0 0 0 2074.33 0.105258
RE-4_3_17 6 0 0 0 14684.8 0.745151
RE-4_2_18 41 2 1 0 296.655 0.0250031
RE-4_2_19 15 2 0 0 525.504 0.0442913
RE-4_2_20 14 1 0 0 595.063 0.050154
RE-4_3_18 30 0 0 0 551.501 0.0279848
RE-4_3_19 6 0 0 0 1566.24 0.0794756
RE-4_3_20 15 2 2 0 833.942 0.0423166
RE-4_2_21 15 2 0 0 552.05 0.0465287
RE-4_2_22 62 2 0 0 107.383 0.00905059
RE-4_2_23 21 1 1 0 584.336 0.0492499
RE-4_3_21 43 0 0 0 207.268 0.0105174
RE-4_3_22 11 1 0 0 746.615 0.0378854
RE-4_3_23 22 1 1 0 941.778 0.0477886
RE-4_2_24 4 0 0 0 642.833 0.0541802
RE-4_2_25 45 0 0 0 268.419 0.0226233
RE-4_2_26 6 1 1 0 638.646 0.0538273
RE-4_3_24 12 1 1 0 942.191 0.0478095
RE-4_3_25 16 0 0 0 868.68 0.0440794
RE-4_3_26 15 4 4 0 869.837 0.0441381
RE-3_2_09 15 1 0 0 222.077 0.0187174
RE-3_2_10 12 0 0 0 262.098 0.0220905
RE-3_2_11 9 1 0 0 283.738 0.0239144
RE-3_3_09 41 0 0 0 234.901 0.0119195
RE-3_3_10 35 0 0 0 275.952 0.0140026
RE-3_3_11 26 0 0 0 300.734 0.0152601
RE-3_2_12 19 0 0 0 188.65 0.0159001
RE-3_2_13 28 0 0 0 203.676 0.0171665
RE-3_2_14 25 0 0 0 219.407 0.0184924
RE-3_3_12 25 0 0 0 339.009 0.0172023
RE-3_3_13 34 0 0 0 255.712 0.0129756
RE-3_3_14 25 0 0 0 284.349 0.0144287
RE-3_2_15 24 0 0 0 178.561 0.0150497
RE-3_2_16 5 0 0 0 407.999 0.0343876
RE-3_2_17 19 0 0 0 200.528 0.0169012
RE-3_3_15 16 0 0 0 599.285 0.0304095
RE-3_3_16 17 0 0 0 546.978 0.0277553
RE-3_3_17 27 0 0 0 268.042 0.0136012
RE-3_2_18 13 0 0 0 304.235 0.025642
RE-3_2_19 37 0 0 0 118.586 0.00999483
RE-3_2_20 53 0 0 0 74.4064 0.00627123
RE-3_3_18 13 0 0 0 505.519 0.0256515
RE-3_3_19 40 0 0 0 197.859 0.0100399
RE-3_3_20 42 0 0 0 165.522 0.00839904
RE-3_2_21 12 0 0 0 226.284 0.019072
RE-3_2_22 33 0 0 0 163.363 0.0137688
RE-3_2_23 16 0 0 0 186.274 0.0156998
RE-3_3_21 43 0 0 0 159.254 0.008081
RE-3_3_22 57 0 0 0 124.505 0.00631773
RE-3_3_23 44 0 0 0 185.27 0.00940114
RE-3_2_24 28 0 0 0 105.193 0.00886603
RE-3_2_25 33 0 0 0 149.954 0.0126386
RE-3_2_26 32 0 0 0 133.546 0.0112558
RE-3_3_24 37 0 0 0 175.666 0.0089138
RE-3_3_25 54 0 0 0 150.549 0.00763931
RE-3_3_26 23 0 0 0 329.694 0.0167296
