322620  -61885899187
W-1_RB4_4+F 72 0 0 0 0 0
W-1_RB4_4-F 7 0 0 0 1069.24 0.0577042
W-1_RB3_4F 33 0 0 0 1865.73 0.100689
W-1_RB4_4+B 71 1 1 0 0 0
W-1_RB4_4-B 10 0 0 0 1584.72 0.0915959
W-1_RB3_4B 29 0 0 0 1261.94 0.0729393
W-1_RB2in_4F 60 0 0 0 143.951 0.00681278
W-1_RB2in_4C 68 0 0 0 171.162 0.0086923
W-1_RB2in_4B 61 0 0 0 117.912 0.00618275
W-1_RB2out_4F 65 18 5 0 0 0
W-1_RB1out_4F 77 0 0 0 50.9131 0.00197405
W-1_RB1in_4F 56 0 0 0 141.305 0.00547881
W-1_RB2out_4B 69 15 5 0 0 0
W-1_RB1out_4B 84 0 0 0 0.0852645 3.54068e-06
W-1_RB1in_4B 54 0 0 0 218.594 0.00907728
W-1_RB4_5+F 80 16 3 0 0 0
W-1_RB3_5F 66 0 0 0 169.569 0.00915126
W-1_RB4_5+B 95 0 1 0 0 0
W-1_RB3_5B 71 0 0 0 113.516 0.00656118
W-1_RB2in_5F 84 0 1 0 31.3654 0.00148443
W-1_RB2in_5C 86 0 0 0 17.0654 0.000866652
W-1_RB2in_5B 90 0 0 0 7.02424 0.000368317
W-1_RB2out_5F 69 0 0 0 99.3441 0.00319953
W-1_RB1out_5F 22 0 0 0 309.655 0.0120062
W-1_RB1in_5F 46 0 0 0 236.413 0.00916643
W-1_RB2out_5B 80 0 0 0 38.3558 0.00132301
W-1_RB1out_5B 65 0 0 0 85.3299 0.0035434
W-1_RB1in_5B 88 0 0 0 47.6691 0.0019795
W-1_RB4_6+F 31 19 19 0 4674.94 0.188585
W-1_RB3_6F 81 0 0 0 54.1262 0.00292107
W-1_RB4_6+B 26 7 7 0 6384.41 0.27583
W-1_RB3_6B 80 1 1 0 49.3015 0.0028496
W-1_RB2in_6F 79 0 0 0 95.6554 0.00452708
W-1_RB2in_6C 83 0 0 0 33.2932 0.00169077
W-1_RB2in_6B 80 0 0 0 47.9192 0.00251265
W-1_RB2out_6F 73 0 0 0 92.3719 0.00297498
W-1_RB1out_6F 52 0 0 0 157.306 0.0060992
W-1_RB1in_6F 66 0 0 0 117.372 0.00455087
W-1_RB2out_6B 79 0 1 0 42.9878 0.00148279
W-1_RB1out_6B 73 0 0 0 49.2685 0.00204591
W-1_RB1in_6B 73 0 0 0 69.5597 0.00288852
W-1_RB4_7+F 51 34 27 0 0 0
W-1_RB3_7F 79 0 0 0 86.376 0.00466151
W-1_RB4_7+B 95 0 1 0 0 0
W-1_RB3_7B 73 0 0 0 89.1031 0.00515011
W-1_RB2in_7F 73 0 0 0 68.261 0.00323059
W-1_RB2in_7C 78 0 0 0 59.8055 0.00303717
W-1_RB2in_7B 86 0 0 0 18.0973 0.000948931
W-1_RB2out_7F 84 0 0 0 6.59986 0.000212559
W-1_RB1out_7F 80 0 0 0 127.307 0.00493605
W-1_RB1in_7F 84 0 0 0 43.0391 0.00166875
W-1_RB2out_7B 84 0 0 0 1.35433 4.67151e-05
W-1_RB1out_7B 77 0 0 0 49.4939 0.00205527
W-1_RB1in_7B 90 0 0 0 10.1305 0.000420678
W-1_RB4_8+F 75 3 7 0 0 0
W-1_RB3_8F 55 0 0 0 296.964 0.0160264
W-1_RB4_8+B 73 11 1 0 0 0
W-1_RB3_8B 58 0 0 0 190.956 0.0110371
W-1_RB2in_8F 58 1 1 0 151.668 0.00717797
W-1_RB2in_8C 78 0 0 0 67.9147 0.00344899
W-1_RB2in_8B 80 0 0 0 39.3983 0.00206585
W-1_RB2out_8F 58 0 0 0 191.339 0.00616236
W-1_RB1out_8F 57 1 0 0 414.744 0.0160808
W-1_RB1in_8F 18 0 0 0 1367.94 0.0530391
W-1_RB2out_8B 69 2 4 0 65.9308 0.00227417
W-1_RB1out_8B 48 0 0 0 356.292 0.0147953
W-1_RB1in_8B 40 1 1 0 423.779 0.0175978
W-1_RB4_9F 43 0 0 0 143.319 0.00578143
W-1_RB3_9F 66 8 9 0 127.317 0.00687098
W-1_RB4_9B 31 0 0 0 134.804 0.00582401
W-1_RB3_9B 67 0 0 0 148.476 0.00858182
W-1_RB2in_9F 71 0 0 0 121.343 0.00574281
W-1_RB2in_9C 71 2 3 0 75.7954 0.0038492
W-1_RB2in_9B 69 0 0 0 69.9742 0.00366911
W-1_RB2out_9F 80 0 0 0 41.8863 0.00134901
W-1_RB1out_9F 46 0 0 0 299.032 0.0115943
W-1_RB1in_9F 23 0 0 0 1243.25 0.0482044
W-1_RB2out_9B 80 1 1 0 34.0984 0.00117617
W-1_RB1out_9B 54 0 0 0 191.772 0.0079635
W-1_RB1in_9B 90 0 0 0 10.8695 0.000451365
