322620  -61885899187
RE-1_2_36 52 0 0 0 83.0662 0.00705916
RE-1_2_01 38 0 0 0 119.854 0.0101855
RE-1_2_02 57 0 0 0 769.293 0.0653763
RE-1_3_36 64 0 0 0 174.103 0.00972273
RE-1_3_01 87 0 0 0 35.1634 0.00196369
RE-1_3_02 92 0 0 0 18.8688 0.00105372
RE-2_2_02 26 1 1 0 208.506 0.0175736
RE-2_2_03 6 1 1 0 301.509 0.0254122
RE-2_2_04 20 0 0 0 171.848 0.014484
RE-2_3_02 22 0 0 0 396.016 0.020095
RE-2_3_03 13 0 0 0 466.583 0.0236758
RE-2_3_04 12 0 0 0 1778.19 0.0902305
RE-1_2_03 54 0 0 0 62.197 0.00528565
RE-1_2_04 55 0 0 0 72.714 0.00617941
RE-1_2_05 28 0 0 0 162.851 0.0138395
RE-1_3_03 90 0 0 0 34.9356 0.00195097
RE-1_3_04 42 4 5 0 188.855 0.0105465
RE-1_3_05 80 0 0 0 108.052 0.00603413
RE-2_2_05 20 0 0 0 206.469 0.0174019
RE-2_2_06 12 2 1 0 361.277 0.0304497
RE-2_2_07 24 0 0 0 175.875 0.0148233
RE-2_3_05 34 0 0 0 352.273 0.0178753
RE-2_3_06 25 1 1 0 300.134 0.0152297
RE-2_3_07 16 2 2 0 326.528 0.016569
RE-1_2_06 46 0 0 0 87.0876 0.00740091
RE-1_2_07 44 0 0 0 112.499 0.0095604
RE-1_2_08 46 0 0 0 102.017 0.00866966
RE-1_3_06 83 0 0 0 55.5784 0.00310375
RE-1_3_07 73 0 0 0 85.3246 0.00476492
RE-1_3_08 93 0 0 0 13.0726 0.000730036
RE-2_2_08 23 1 0 0 248.589 0.020952
RE-2_2_09 17 0 0 0 274.903 0.0231698
RE-2_2_10 10 1 1 0 231.324 0.0194968
RE-2_3_08 31 0 0 0 225.449 0.01144
RE-2_3_09 24 0 0 0 331.131 0.0168026
RE-2_3_10 7 0 0 0 386.113 0.0195925
RE-1_2_27 49 0 0 0 76.6961 0.00651781
RE-1_2_28 67 1 1 0 45.6857 0.00388247
RE-1_2_29 38 0 0 0 96.5299 0.00820334
RE-1_3_27 64 0 0 0 83.9748 0.00468954
RE-1_3_28 84 0 0 0 10877.9 0.607473
RE-1_3_29 54 0 0 0 172.636 0.00964079
RE-2_2_29 13 0 0 0 253.366 0.0213546
RE-2_2_30 19 1 1 0 236.974 0.019973
RE-2_2_31 29 2 2 0 151.914 0.0128039
RE-2_3_29 58 0 0 0 128.141 0.00650223
RE-2_3_30 18 1 1 0 432.027 0.0219223
RE-2_3_31 29 1 1 0 250.724 0.0127225
RE-1_2_30 53 0 0 0 95.5223 0.00811771
RE-1_2_31 89 2 1 0 19.8281 0.00168504
RE-1_2_32 57 2 1 0 66.8044 0.00567719
RE-1_3_30 74 0 0 0 127.936 0.00714455
RE-1_3_31 73 0 0 0 78.7349 0.00439692
RE-1_3_32 89 0 0 0 766.928 0.0428288
RE-2_2_32 25 0 0 0 3341.48 0.281632
RE-2_2_33 18 0 0 0 194.673 0.0164078
RE-2_2_34 15 2 2 0 192.448 0.0162202
RE-2_3_32 23 0 0 0 405.721 0.0205875
RE-2_3_33 20 0 0 0 549.335 0.0278749
RE-2_3_34 17 0 0 0 294.209 0.014929
RE-1_2_33 62 2 2 0 52.9135 0.00449671
RE-1_2_34 30 0 0 0 115.917 0.00985091
RE-1_2_35 16 3 2 0 221.002 0.0187813
RE-1_3_33 88 2 2 0 40.2294 0.0022466
RE-1_3_34 82 0 0 0 84.2527 0.00470506
RE-1_3_35 75 0 0 0 78.4502 0.00438102
RE-2_2_35 11 1 0 0 271.294 0.0228656
RE-2_2_36 24 2 1 0 272.886 0.0229998
RE-2_2_01 17 1 0 0 244.58 0.020614
RE-2_3_35 18 1 1 0 323.889 0.0164351
RE-2_3_36 20 1 0 0 368.148 0.0186809
RE-2_3_01 18 2 2 0 343.152 0.0174125
