322620  -61885899187
W+2_RB4_4-F 25 0 0 0 540.116 0.0291488
W+2_RB4_4+F 29 0 0 0 906.724 0.0489338
W+2_RB3_4F 60 0 0 0 209.769 0.0113207
W+2_RB4_4-B 16 0 0 0 1271.53 0.0734935
W+2_RB4_4+B 33 0 0 0 345.025 0.0199423
W+2_RB3_4B 73 0 0 0 72.2386 0.00417535
W+2_RB2out_4F 62 0 0 0 109.189 0.00516758
W+2_RB2out_4C 67 0 0 0 89.7888 0.00455984
W+2_RB2out_4B 82 0 0 0 17.7249 0.000929405
W+2_RB2in_4F 74 0 0 0 100.084 0.00322334
W+2_RB1out_4F 19 0 0 0 1349.57 0.0523267
W+2_RB1in_4F 6 0 0 0 1463.83 0.0567569
W+2_RB2in_4B 60 0 0 0 172.714 0.00595748
W+2_RB1out_4B 13 0 0 0 1901.4 0.0789571
W+2_RB1in_4B 5 0 0 0 2524.85 0.104847
W+2_RB4_5+F 12 0 0 0 1815.23 0.0732254
W+2_RB3_5F 56 0 0 0 206.271 0.011132
W+2_RB4_5+B 12 1 0 0 2372.06 0.102482
W+2_RB3_5B 56 0 0 0 188.373 0.0108879
W+2_RB2out_5F 68 1 1 0 74.5619 0.00352879
W+2_RB2out_5C 80 0 0 0 45.3938 0.00230528
W+2_RB2out_5B 82 0 0 0 24.1078 0.00126409
W+2_RB2in_5F 49 0 0 0 275.349 0.00886805
W+2_RB1out_5F 3 0 0 0 2802.6 0.108665
W+2_RB1in_5F 9 0 0 0 2496.32 0.0967897
W+2_RB2in_5B 78 0 0 0 123.11 0.00424645
W+2_RB1out_5B 8 0 0 0 1784.26 0.074093
W+2_RB1in_5B 4 0 0 0 2278.18 0.0946033
W+2_RB4_6+F 15 0 0 0 6605.49 0.266462
W+2_RB3_6F 64 0 0 0 200.603 0.0108261
W+2_RB4_6+B 25 0 0 0 887.883 0.0383598
W+2_RB3_6B 62 0 0 0 246.501 0.0142476
W+2_RB2out_6F 73 0 0 0 52.8877 0.00250301
W+2_RB2out_6C 58 0 0 0 127.185 0.00645897
W+2_RB2out_6B 50 0 0 0 202.509 0.0106186
W+2_RB2in_6F 74 0 0 0 88.7036 0.00285684
W+2_RB1out_6F 11 0 0 0 1516.35 0.0587933
W+2_RB1in_6F 20 0 0 0 664.185 0.0257524
W+2_RB2in_6B 70 0 0 0 124.82 0.00430543
W+2_RB1out_6B 23 0 0 0 1046.63 0.0434622
W+2_RB1in_6B 30 0 0 0 924.87 0.038406
W+2_RB4_7+F 52 0 0 0 478.135 0.0192877
W+2_RB3_7F 80 0 0 0 90.6174 0.00489042
W+2_RB4_7+B 79 0 0 0 190.799 0.0082432
W+2_RB3_7B 80 0 0 0 51.8274 0.00299559
W+2_RB2out_7F 77 0 0 0 52.4046 0.00248015
W+2_RB2out_7C 61 0 0 0 88.672 0.00450313
W+2_RB2out_7B 73 0 1 0 58.8292 0.00308471
W+2_RB2in_7F 86 0 0 0 57.1504 0.00184062
W+2_RB1out_7F 14 0 0 0 1053.82 0.0408596
W+2_RB1in_7F 8 0 0 0 3027.4 0.117381
W+2_RB2in_7B 86 0 0 0 24.6257 0.000849419
W+2_RB1out_7B 10 0 0 0 1710.48 0.0710289
W+2_RB1in_7B 4 0 0 0 2397.8 0.0995707
W+2_RB4_8+F 52 2 11 0 202.135 0.0109087
W+2_RB3_8F 47 0 0 0 378.879 0.0204473
W+2_RB4_8+B 55 0 1 0 274.071 0.0158412
W+2_RB3_8B 41 0 0 0 714.471 0.041296
W+2_RB2out_8F 72 0 0 0 83.7039 0.00396145
W+2_RB2out_8C 73 0 0 0 68.7676 0.0034923
W+2_RB2out_8B 70 0 0 0 73.8408 0.00387185
W+2_RB2in_8F 42 0 0 0 1034.79 0.0333271
W+2_RB1out_8F 17 0 0 0 1274.6 0.0494198
W+2_RB1in_8F 35 0 0 0 598.165 0.0231926
W+2_RB2in_8B 82 0 0 0 72.9003 0.00251457
W+2_RB1out_8B 6 10 8 0 1664.57 0.0691228
W+2_RB1in_8B 35 0 0 0 1244.81 0.0516917
W+2_RB4_9F 38 1 0 0 283.79 0.0114479
W+2_RB3_9F 48 0 0 0 357.7 0.0193043
W+2_RB4_9B 46 0 0 0 26.4446 0.0011425
W+2_RB3_9B 48 0 0 0 288.256 0.0166611
W+2_RB2out_9F 56 0 0 0 145.655 0.00689341
W+2_RB2out_9C 27 0 0 0 333.194 0.016921
W+2_RB2out_9B 72 0 0 0 56.6588 0.00297091
W+2_RB2in_9F 53 0 0 0 176.175 0.00567399
W+2_RB1out_9F 22 0 0 0 1692.85 0.0656367
W+2_RB1in_9F 21 0 0 0 2698.78 0.10464
W+2_RB2in_9B 69 0 0 0 132.22 0.0045607
W+2_RB1out_9B 59 0 0 0 102.756 0.00426701
W+2_RB1in_9B 38 0 0 0 1086.03 0.0450984
