322620  -61885899187
RE-1_2_09 43 0 0 0 118.341 0.0100569
RE-1_2_10 37 0 0 0 97.8443 0.00831504
RE-1_2_11 18 0 0 0 189.779 0.0161278
RE-1_3_09 94 0 0 0 18.8151 0.00105072
RE-1_3_10 59 5 24 0 40.6014 0.00226737
RE-1_3_11 66 0 0 0 146.219 0.00816553
RE-2_2_11 10 0 0 0 303.256 0.0255594
RE-2_2_12 17 0 0 0 262.433 0.0221187
RE-2_2_13 19 1 0 0 176.757 0.0148977
RE-2_3_11 36 0 0 0 256.652 0.0130233
RE-2_3_12 17 0 0 0 520.999 0.026437
RE-2_3_13 33 0 1 0 227.802 0.0115593
RE-1_2_12 54 0 0 0 105.766 0.00898826
RE-1_2_13 70 0 0 0 80.5476 0.00684512
RE-1_2_14 34 0 0 0 171.102 0.0145407
RE-1_3_12 94 0 0 0 26.4429 0.00147669
RE-1_3_13 90 0 0 0 88.597 0.00494766
RE-1_3_14 85 0 0 0 34.8974 0.00194883
RE-2_2_14 27 1 0 0 144.928 0.0122151
RE-2_2_15 26 2 2 0 179.458 0.0151253
RE-2_2_16 13 1 1 0 294.272 0.0248023
RE-2_3_14 38 0 0 0 199.536 0.010125
RE-2_3_15 18 0 0 0 377.79 0.0191701
RE-2_3_16 33 0 0 0 250.729 0.0127227
RE-1_2_15 5 0 0 0 388.69 0.0330318
RE-1_2_16 45 0 0 0 92.463 0.00785773
RE-1_2_17 32 0 0 0 128.649 0.0109329
RE-1_3_15 92 0 0 0 19.2381 0.00107435
RE-1_3_16 85 0 0 0 32.0022 0.00178715
RE-1_3_17 96 0 0 0 6.62949 0.000370221
RE-2_2_17 32 0 0 0 178.472 0.0150422
RE-2_2_18 26 0 0 0 14767.2 1.24463
RE-2_2_19 20 1 0 0 195.427 0.0164712
RE-2_3_17 14 0 0 0 483.852 0.0245521
RE-2_3_18 36 1 1 0 301.127 0.0152801
RE-2_3_19 34 0 0 0 282.483 0.014334
RE-1_2_18 82 0 0 0 38.2321 0.00324905
RE-1_2_19 35 0 0 0 108.282 0.00920208
RE-1_2_20 31 0 0 0 169.396 0.0143957
RE-1_3_18 85 0 0 0 45.3114 0.0025304
RE-1_3_19 64 0 0 0 148.25 0.00827895
RE-1_3_20 95 0 0 0 12.2547 0.00068436
RE-2_2_20 20 0 0 0 247.262 0.0208401
RE-2_2_21 22 1 0 0 275.631 0.0232311
RE-2_2_22 17 1 0 0 327.691 0.0276189
RE-2_3_20 23 0 0 0 406.341 0.0206189
RE-2_3_21 25 0 0 0 316.386 0.0160543
RE-2_3_22 20 0 0 0 289.793 0.014705
RE-1_2_21 80 0 0 0 36.164 0.0030733
RE-1_2_22 46 0 0 0 80.222 0.00681745
RE-1_2_23 59 0 0 0 82.688 0.00702702
RE-1_3_21 96 0 0 0 9.48869 0.000529892
RE-1_3_22 86 0 0 0 40.1243 0.00224072
RE-1_3_23 80 0 0 0 111.859 0.00624671
RE-2_2_23 13 1 1 0 384.985 0.0324479
RE-2_2_24 13 0 0 0 306.841 0.0258616
RE-2_2_25 26 1 0 0 153.513 0.0129386
RE-2_3_23 12 1 1 0 473.522 0.0240279
RE-2_3_24 18 0 0 0 512.82 0.026022
RE-2_3_25 33 0 0 0 249.883 0.0126798
RE-1_2_24 55 0 0 0 92.6083 0.00787007
RE-1_2_25 75 0 0 0 38.4993 0.00327176
RE-1_2_26 72 0 0 0 49.787 0.00423101
RE-1_3_24 86 0 0 0 234.296 0.0130842
RE-1_3_25 89 0 0 0 42.9194 0.00239681
RE-1_3_26 90 0 0 0 23.1885 0.00129495
RE-2_2_26 5 1 1 0 311.899 0.0262879
RE-2_2_27 21 0 0 0 164.212 0.0138404
RE-2_2_28 19 0 0 0 256.86 0.0216491
RE-2_3_26 24 0 0 0 346.448 0.0175798
RE-2_3_27 64 0 0 0 91.5443 0.00464523
RE-2_3_28 23 0 0 0 348.651 0.0176915
