322620  -61885899187
W0_RB4_4+F 18 0 0 0 1156.52 0.0624148
W0_RB4_4-F 14 0 0 0 1155.07 0.0623364
W0_RB3_4F 78 0 2 0 66.4031 0.00358362
W0_RB4_4+B 5 0 0 0 2169.59 0.125401
W0_RB4_4-B 8 0 0 0 1388.3 0.0802431
W0_RB3_4B 75 0 0 0 61.4302 0.00355063
W0_RB2in_4F 78 0 0 0 73.9434 0.00349952
W0_RB2in_4C 77 0 0 0 55.1939 0.00280297
W0_RB2in_4B 75 0 0 0 75.2413 0.00394529
W0_RB2out_4F 69 0 0 0 106.8 0.00343966
W0_RB1out_4F 75 1 1 0 47.6299 0.00184675
W0_RB1in_4F 76 0 0 0 100.072 0.00388007
W0_RB2out_4B 81 0 0 0 41.8131 0.00144227
W0_RB1out_4B 82 1 1 0 10.877 0.000451676
W0_RB1in_4B 83 0 0 0 64.6416 0.00268429
W0_RB4_5+F 27 0 0 0 609.149 0.0245728
W0_RB3_5F 73 0 0 0 135.797 0.00732866
W0_RB4_5+B 11 0 0 0 904.03 0.0390574
W0_RB3_5B 81 0 0 0 41.0227 0.00237109
W0_RB2in_5F 41 28 39 0 54.786 0.00259286
W0_RB2in_5C 83 0 0 0 29.3071 0.00148833
W0_RB2in_5B 86 0 0 0 16.6171 0.000871322
W0_RB2out_5F 71 0 0 0 78.5558 0.00253001
W0_RB1out_5F 47 0 0 0 217.683 0.00844021
W0_RB1in_5F 26 0 0 0 1914.31 0.0742232
W0_RB2out_5B 70 0 0 0 78.0793 0.00269321
W0_RB1out_5B 24 0 0 0 1225.58 0.0508931
W0_RB1in_5B 61 0 0 0 261.735 0.0108688
W0_RB4_6+F 37 0 0 0 501.131 0.0202154
W0_RB3_6F 75 0 0 0 102.626 0.00553851
W0_RB4_6+B 71 0 0 0 259.381 0.0112062
W0_RB3_6B 75 0 0 0 123.502 0.00713837
W0_RB2in_6F 83 0 0 0 35.9352 0.0017007
W0_RB2in_6C 72 0 0 0 92.5688 0.00470103
W0_RB2in_6B 77 0 0 0 74.3967 0.003901
W0_RB2out_6F 52 0 0 0 3461.77 0.111492
W0_RB1out_6F 62 0 0 0 133.932 0.00519294
W0_RB1in_6F 58 0 0 0 135.993 0.00527286
W0_RB2out_6B 62 0 0 0 120.609 0.00416019
W0_RB1out_6B 76 0 0 0 3016.49 0.125262
W0_RB1in_6B 85 0 0 0 39.5142 0.00164086
W0_RB4_7+F 81 8 15 0 0 0
W0_RB3_7F 30 0 0 0 431.561 0.0232904
W0_RB4_7+B 96 0 0 0 0 0
W0_RB3_7B 74 0 0 0 115.845 0.0066958
W0_RB2in_7F 74 0 0 0 91.5005 0.00433044
W0_RB2in_7C 78 0 0 0 2455.54 0.124702
W0_RB2in_7B 86 0 0 0 17.5039 0.000917821
W0_RB2out_7F 79 1 1 0 40.4542 0.00130289
W0_RB1out_7F 82 1 1 0 14.6946 0.000569754
W0_RB1in_7F 88 0 0 0 21.5345 0.000834957
W0_RB2out_7B 84 0 0 0 9.82551 0.000338913
W0_RB1out_7B 83 0 0 0 17.4562 0.000724883
W0_RB1in_7B 90 0 0 0 4.81795 0.000200069
W0_RB4_8+F 57 0 0 0 337.24 0.0182001
W0_RB3_8F 70 1 1 0 152.2 0.0082139
W0_RB4_8+B 74 3 2 0 59.3886 0.00343263
W0_RB3_8B 24 0 0 0 469.266 0.0271233
W0_RB2in_8F 76 0 0 0 88.6115 0.00419372
W0_RB2in_8C 69 0 0 0 111.584 0.00566668
W0_RB2in_8B 79 0 0 0 55.73 0.00292221
W0_RB2out_8F 57 1 1 0 219.827 0.00707986
W0_RB1out_8F 72 0 0 0 80.8904 0.00313636
W0_RB1in_8F 83 0 0 0 43.3521 0.00168089
W0_RB2out_8B 72 0 0 0 100.52 0.00346725
W0_RB1out_8B 79 0 0 0 25.557 0.00106127
W0_RB1in_8B 90 0 0 0 3.06004 0.000127071
W0_RB4_9F 46 0 0 0 32.5576 0.00131336
W0_RB3_9F 71 0 0 0 198.715 0.0107242
W0_RB4_9B 45 0 0 0 58.5138 0.00252801
W0_RB3_9B 76 0 0 0 87.4467 0.00505437
W0_RB2in_9F 55 1 0 0 140.68 0.00665796
W0_RB2in_9C 86 0 0 0 26.9293 0.00136758
W0_RB2in_9B 84 0 0 0 30.8718 0.00161877
W0_RB2out_9F 49 1 1 0 229.243 0.00738312
W0_RB1out_9F 78 0 0 0 51.6233 0.00200158
W0_RB1in_9F 76 1 0 0 108.612 0.00421119
W0_RB2out_9B 66 1 1 0 90.1749 0.00311042
W0_RB1out_9B 70 0 0 0 55.1796 0.00229138
W0_RB1in_9B 63 0 0 0 132.55 0.00550426
