322624  -61885899187
W-2_RB4_4+F 54 0 0 0 137.715 0.00743216
W-2_RB4_4-F 41 7 4 0 173.715 0.00937499
W-2_RB3_4F 49 0 0 0 1545.06 0.0833836
W-2_RB4_4+B 48 0 0 0 206.389 0.0119292
W-2_RB4_4-B 58 0 1 0 126.331 0.00730186
W-2_RB3_4B 79 0 0 0 56.4993 0.00326563
W-2_RB2out_4F 45 0 0 0 180.741 0.00855394
W-2_RB2out_4C 63 0 0 0 78.9954 0.00401171
W-2_RB2out_4B 70 0 0 0 75.6142 0.00396484
W-2_RB2in_4F 79 0 0 0 74.9029 0.00241236
W-2_RB1out_4F 44 0 0 0 283.087 0.0109761
W-2_RB1in_4F 48 0 0 0 343.366 0.0133133
W-2_RB2in_4B 70 0 0 0 99.648 0.00343718
W-2_RB1out_4B 24 6 5 0 289.248 0.0120113
W-2_RB1in_4B 30 0 0 0 643.406 0.026718
W-2_RB4_5+F 48 37 21 0 101.504 0.00409462
W-2_RB3_5F 48 0 0 0 413.048 0.0222912
W-2_RB4_5+B 56 9 0 0 454.804 0.0196492
W-2_RB3_5B 59 0 0 0 286.948 0.0165854
W-2_RB2out_5F 47 0 0 0 156.216 0.00739325
W-2_RB2out_5C 68 0 0 0 78.031 0.00396274
W-2_RB2out_5B 68 0 0 0 128.277 0.0067262
W-2_RB2in_5F 77 0 0 0 62.8678 0.00202475
W-2_RB1out_5F 43 0 0 0 389.371 0.015097
W-2_RB1in_5F 40 0 0 0 289.513 0.0112253
W-2_RB2in_5B 85 0 0 0 35.9298 0.00123933
W-2_RB1out_5B 78 0 0 0 41.0994 0.00170669
W-2_RB1in_5B 52 0 0 0 228.862 0.00950368
W-2_RB4_6+F 31 0 0 0 810.976 0.0327144
W-2_RB3_6F 75 0 0 0 143.091 0.0077223
W-2_RB4_6+B 34 0 0 0 660.82 0.0285498
W-2_RB3_6B 77 0 1 0 54.6098 0.00315642
W-2_RB2out_6F 35 0 0 0 189.115 0.00895023
W-2_RB2out_6C 48 0 0 0 126.656 0.00643211
W-2_RB2out_6B 62 0 0 0 81.9379 0.00429642
W-2_RB2in_6F 84 0 0 0 58.4688 0.00188308
W-2_RB1out_6F 32 0 0 0 492.033 0.0190776
W-2_RB1in_6F 64 0 0 0 150.225 0.00582468
W-2_RB2in_6B 77 0 0 0 62.2537 0.00214733
W-2_RB1out_6B 81 0 0 0 29.8407 0.00123916
W-2_RB1in_6B 51 0 0 0 174.392 0.00724179
W-2_RB4_7+F 55 9 20 0 190.353 0.00767875
W-2_RB3_7F 59 0 0 0 210.509 0.0113607
W-2_RB4_7+B 62 6 10 0 242.252 0.0104662
W-2_RB3_7B 57 0 0 0 548.979 0.0317307
W-2_RB2out_7F 72 0 0 0 80.927 0.00383003
W-2_RB2out_7C 72 0 0 0 119.392 0.00606324
W-2_RB2out_7B 81 0 0 0 20.8029 0.0010908
W-2_RB2in_7F 58 0 0 0 192.865 0.00621151
W-2_RB1out_7F 80 0 0 0 35.7808 0.00138733
W-2_RB1in_7F 48 0 0 0 203.129 0.00787591
W-2_RB2in_7B 82 0 0 0 62.1244 0.00214287
W-2_RB1out_7B 84 0 0 0 19.2079 0.000797623
W-2_RB1in_7B 29 0 0 0 556.551 0.0231113
W-2_RB4_8+F 47 28 10 0 67.1627 0.00362462
W-2_RB3_8F 55 0 0 0 237.122 0.0127969
W-2_RB4_8+B 46 34 14 0 32.8534 0.00189891
W-2_RB3_8B 78 0 0 0 43.1636 0.00249483
W-2_RB2out_8F 40 0 0 0 257.058 0.0121658
W-2_RB2out_8C 53 0 0 0 123.464 0.00627
W-2_RB2out_8B 62 0 0 0 95.9886 0.00503317
W-2_RB2in_8F 63 0 0 0 223.533 0.00719922
W-2_RB1out_8F 24 0 0 0 729.312 0.0282776
W-2_RB1in_8F 69 0 0 0 152.215 0.00590184
W-2_RB2in_8B 59 0 0 0 203.23 0.00701004
W-2_RB1out_8B 44 0 0 0 398.162 0.016534
W-2_RB1in_8B 54 0 0 0 277.91 0.0115404
W-2_RB4_9F 36 0 0 0 108.598 0.00438081
W-2_RB3_9F 55 0 0 0 211.806 0.0114307
W-2_RB4_9B 47 0 0 0 24.4284 0.0010554
W-2_RB3_9B 75 0 0 0 68.4032 0.00395367
W-2_RB2out_9F 80 0 0 0 39.3298 0.00186136
W-2_RB2out_9C 71 0 0 0 53.445 0.00271416
W-2_RB2out_9B 82 0 0 0 18.1332 0.000950816
W-2_RB2in_9F 69 0 0 0 182.539 0.00587896
W-2_RB1out_9F 27 0 0 0 296.794 0.0115076
W-2_RB1in_9F 73 0 0 0 80.1746 0.0031086
W-2_RB2in_9B 85 0 0 0 32.0643 0.001106
W-2_RB1out_9B 67 0 0 0 80.3083 0.00333487
W-2_RB1in_9B 81 0 0 0 475079 19.728
