322624  -61885899187
W+2_RB4_4-F 25 0 0 0 531.427 0.0286799
W+2_RB4_4+F 30 0 0 0 891.216 0.0480969
W+2_RB3_4F 60 0 0 0 198.13 0.0106926
W+2_RB4_4-B 16 0 0 0 1267.87 0.073282
W+2_RB4_4+B 33 0 0 0 341.504 0.0197387
W+2_RB3_4B 74 0 0 0 68.3448 0.00395029
W+2_RB2out_4F 63 0 0 0 100.941 0.00477724
W+2_RB2out_4C 71 0 0 0 80.9625 0.00411161
W+2_RB2out_4B 82 0 0 0 14.3954 0.000754822
W+2_RB2in_4F 75 0 0 0 97.8689 0.00315202
W+2_RB1out_4F 20 0 0 0 1353.11 0.0524641
W+2_RB1in_4F 6 0 0 0 1494.93 0.0579629
W+2_RB2in_4B 60 0 0 0 177.749 0.00613113
W+2_RB1out_4B 12 0 0 0 1900.64 0.0789258
W+2_RB1in_4B 5 0 0 0 2552.14 0.10598
W+2_RB4_5+F 10 0 0 0 1814.93 0.0732134
W+2_RB3_5F 57 0 0 0 213.758 0.011536
W+2_RB4_5+B 11 1 0 0 2408.84 0.104071
W+2_RB3_5B 56 0 0 0 192.807 0.0111441
W+2_RB2out_5F 63 1 1 0 97.0644 0.00459376
W+2_RB2out_5C 55 0 0 0 82.5059 0.00418999
W+2_RB2out_5B 76 0 0 0 49.3413 0.00258722
W+2_RB2in_5F 49 0 0 0 279.933 0.00901567
W+2_RB1out_5F 5 0 0 0 2752.15 0.106709
W+2_RB1in_5F 10 0 0 0 2572.74 0.0997528
W+2_RB2in_5B 76 0 0 0 122.676 0.00423151
W+2_RB1out_5B 8 0 0 0 1822.47 0.0756797
W+2_RB1in_5B 4 0 0 0 2331.44 0.0968149
W+2_RB4_6+F 15 0 0 0 6703.34 0.270409
W+2_RB3_6F 64 0 0 0 201.867 0.0108943
W+2_RB4_6+B 30 0 0 0 855.989 0.0369818
W+2_RB3_6B 62 0 0 0 240.113 0.0138784
W+2_RB2out_6F 74 0 0 0 49.3557 0.00233586
W+2_RB2out_6C 57 0 0 0 125.64 0.00638052
W+2_RB2out_6B 50 0 0 0 193.793 0.0101616
W+2_RB2in_6F 75 0 0 0 84.7434 0.00272929
W+2_RB1out_6F 13 0 0 0 1499.85 0.0581537
W+2_RB1in_6F 22 0 0 0 674.953 0.0261699
W+2_RB2in_6B 71 0 0 0 128.186 0.00442156
W+2_RB1out_6B 23 0 0 0 1009.86 0.0419351
W+2_RB1in_6B 31 0 0 0 915.794 0.0380291
W+2_RB4_7+F 45 0 0 0 506.709 0.0204404
W+2_RB3_7F 80 0 0 0 107.29 0.00579017
W+2_RB4_7+B 77 0 0 0 213.938 0.00924292
W+2_RB3_7B 79 0 0 0 49.1828 0.00284274
W+2_RB2out_7F 75 0 0 0 74.6755 0.00353417
W+2_RB2out_7C 56 0 0 0 102.292 0.00519479
W+2_RB2out_7B 72 0 1 0 62.5553 0.00328009
W+2_RB2in_7F 84 0 0 0 71.7053 0.00230938
W+2_RB1out_7F 14 0 0 0 1080.93 0.0419109
W+2_RB1in_7F 3 0 0 0 3067.73 0.118945
W+2_RB2in_7B 86 0 0 0 25.3708 0.000875122
W+2_RB1out_7B 8 0 0 0 1698.98 0.0705517
W+2_RB1in_7B 1 0 0 0 2433.73 0.101063
W+2_RB4_8+F 61 2 2 0 200.861 0.01084
W+2_RB3_8F 47 0 0 0 354.968 0.0191568
W+2_RB4_8+B 54 0 0 0 277.733 0.0160528
W+2_RB3_8B 43 0 0 0 719.688 0.0415976
W+2_RB2out_8F 73 0 0 0 77.9344 0.0036884
W+2_RB2out_8C 73 0 0 0 61.8857 0.00314281
W+2_RB2out_8B 70 0 0 0 69.429 0.00364052
W+2_RB2in_8F 43 0 0 0 1068.14 0.034401
W+2_RB1out_8F 19 0 0 0 1255.45 0.0486776
W+2_RB1in_8F 33 0 0 0 599.298 0.0232365
W+2_RB2in_8B 83 0 0 0 69.8841 0.00241053
W+2_RB1out_8B 7 10 8 0 1574.31 0.0653746
W+2_RB1in_8B 35 0 0 0 1276.42 0.0530045
W+2_RB4_9F 38 1 0 0 271.589 0.0109558
W+2_RB3_9F 49 0 0 0 321.719 0.0173625
W+2_RB4_9B 46 0 0 0 24.4739 0.00105736
W+2_RB3_9B 51 0 0 0 267.768 0.0154769
W+2_RB2out_9F 57 0 0 0 141.723 0.00670734
W+2_RB2out_9C 27 0 0 0 329.216 0.0167189
W+2_RB2out_9B 73 0 0 0 52.7362 0.00276523
W+2_RB2in_9F 49 0 0 0 196.415 0.00632584
W+2_RB1out_9F 21 0 0 0 1693.23 0.0656515
W+2_RB1in_9F 20 0 0 0 2769.1 0.107366
W+2_RB2in_9B 67 0 0 0 155.275 0.00535592
W+2_RB1out_9B 59 0 0 0 110.185 0.00457551
W+2_RB1in_9B 38 0 0 0 1093.57 0.0454116
