322624  -61885899187
RE-4_2_09 31 1 0 0 353.411 0.0297867
RE-4_2_10 24 0 0 0 627.32 0.0528727
RE-4_2_11 17 1 0 0 657.022 0.0553761
RE-4_3_09 11 0 0 0 882.926 0.0448022
RE-4_3_10 17 0 0 0 542.639 0.0275351
RE-4_3_11 63 0 0 0 100.437 0.00509648
RE-4_2_12 37 0 0 0 611.02 0.0514989
RE-4_2_13 7 5 2 0 543.937 0.0458449
RE-4_2_14 36 0 0 0 485.966 0.0409589
RE-4_3_12 3 0 0 0 2308.68 0.117149
RE-4_3_13 12 0 0 0 1322.7 0.0671178
RE-4_3_14 14 0 0 0 1447.27 0.0734385
RE-4_2_15 5 2 0 0 626.453 0.0527996
RE-4_2_16 16 1 0 0 897.416 0.0756373
RE-4_2_17 1 0 0 0 14708.3 1.23967
RE-4_3_15 22 1 1 0 634.061 0.0321741
RE-4_3_16 5 0 0 0 2188.28 0.11104
RE-4_3_17 4 0 0 0 15955.9 0.809647
RE-4_2_18 41 2 1 0 297.551 0.0250787
RE-4_2_19 16 2 0 0 538.207 0.0453619
RE-4_2_20 15 1 0 0 614.968 0.0518317
RE-4_3_18 29 0 0 0 641.935 0.0325736
RE-4_3_19 6 0 0 0 1601.17 0.0812478
RE-4_3_20 14 2 2 0 799.766 0.0405824
RE-4_2_21 16 2 0 0 540.644 0.0455673
RE-4_2_22 60 2 0 0 117.568 0.00990908
RE-4_2_23 21 1 1 0 571.358 0.0481561
RE-4_3_21 44 0 0 0 205.123 0.0104085
RE-4_3_22 9 1 0 0 741.887 0.0376455
RE-4_3_23 21 1 1 0 963.4 0.0488857
RE-4_2_24 3 0 0 0 627.052 0.0528501
RE-4_2_25 46 0 0 0 245.57 0.0206975
RE-4_2_26 7 1 1 0 624.602 0.0526436
RE-4_3_24 13 1 1 0 904.78 0.0459112
RE-4_3_25 16 0 0 0 865.54 0.04392
RE-4_3_26 15 4 4 0 897.933 0.0455637
RE-3_2_09 16 1 0 0 225.93 0.0190422
RE-3_2_10 12 0 0 0 261.652 0.022053
RE-3_2_11 9 1 0 0 281.189 0.0236996
RE-3_3_09 42 0 0 0 237.924 0.012073
RE-3_3_10 37 0 0 0 264.797 0.0134365
RE-3_3_11 28 0 0 0 294.987 0.0149685
RE-3_2_12 20 0 0 0 189.858 0.0160019
RE-3_2_13 27 0 0 0 206.61 0.0174138
RE-3_2_14 24 0 0 0 218.283 0.0183977
RE-3_3_12 25 0 0 0 355.371 0.0180326
RE-3_3_13 34 0 0 0 257.413 0.0130619
RE-3_3_14 25 0 0 0 298.24 0.0151336
RE-3_2_15 24 0 0 0 181.535 0.0153004
RE-3_2_16 6 0 0 0 411.588 0.0346901
RE-3_2_17 22 0 0 0 199.703 0.0168317
RE-3_3_15 15 0 0 0 607.23 0.0308126
RE-3_3_16 19 0 0 0 556.091 0.0282177
RE-3_3_17 27 0 0 0 270.106 0.0137059
RE-3_2_18 12 0 0 0 359.104 0.0302665
RE-3_2_19 37 0 0 0 120.834 0.0101843
RE-3_2_20 52 0 0 0 76.1729 0.00642012
RE-3_3_18 11 0 0 0 518.566 0.0263135
RE-3_3_19 39 0 0 0 206.223 0.0104643
RE-3_3_20 41 0 0 0 167.056 0.00847691
RE-3_2_21 12 0 0 0 230.605 0.0194362
RE-3_2_22 33 0 0 0 164.98 0.0139051
RE-3_2_23 14 0 0 0 189.253 0.0159509
RE-3_3_21 45 0 0 0 164.871 0.00836606
RE-3_3_22 57 0 0 0 131.861 0.00669101
RE-3_3_23 43 0 0 0 194.484 0.0098687
RE-3_2_24 29 0 0 0 107.699 0.00907722
RE-3_2_25 31 0 0 0 155.166 0.0130779
RE-3_2_26 30 0 0 0 136.796 0.0115297
RE-3_3_24 37 0 0 0 179.595 0.00911318
RE-3_3_25 52 0 0 0 156.823 0.00795764
RE-3_3_26 21 0 0 0 334.162 0.0169564
