322624  -61885899187
W0_RB4_1+F 96 0 0 0 0 0
W0_RB3_1F 46 0 0 0 367.94 0.0198569
W0_RB4_1+B 96 0 0 0 0 0
W0_RB3_1B 70 0 0 0 139.629 0.00807048
W0_RB2in_1F 65 0 0 0 186.286 0.00881636
W0_RB2in_1C 81 1 1 0 35.0955 0.00178229
W0_RB2in_1B 89 0 1 0 7.48113 0.000392273
W0_RB2out_1F 81 0 0 0 24.9243 0.000802724
W0_RB1out_1F 74 0 0 0 79.5548 0.00308457
W0_RB1in_1F 87 0 0 0 22.2402 0.000862316
W0_RB2out_1B 83 1 1 0 7.43146 0.000256335
W0_RB1out_1B 82 0 0 0 13.1771 0.00054719
W0_RB1in_1B 87 0 1 0 13.6204 0.000565599
W0_RB4_2+F 28 0 0 0 668.291 0.0269585
W0_RB3_2F 39 0 0 0 759.949 0.0410127
W0_RB4_2+B 38 0 0 0 538.95 0.0232846
W0_RB3_2B 48 0 0 0 397.682 0.0229858
W0_RB2in_2F 80 0 0 0 67.8442 0.00321086
W0_RB2in_2C 52 0 0 0 200.582 0.0101864
W0_RB2in_2B 84 0 1 0 20.8939 0.00109557
W0_RB2out_2F 73 0 0 0 100.385 0.00323306
W0_RB1out_2F 71 0 0 0 125.985 0.00488482
W0_RB1in_2F 74 0 0 0 83.0293 0.00321929
W0_RB2out_2B 76 0 0 0 55.56 0.00191644
W0_RB1out_2B 66 0 0 0 76.5173 0.00317744
W0_RB1in_2B 31 1 1 0 517.941 0.0215079
W0_RB4_3+F 30 0 0 0 1011.43 0.0408007
W0_RB3_3F 64 8 0 0 97.5073 0.00526225
W0_RB4_3+B 34 1 1 0 543.98 0.0235019
W0_RB3_3B 78 0 0 0 79.0699 0.0045702
W0_RB2in_3F 60 8 0 0 90.4079 0.00427873
W0_RB2in_3C 82 0 0 0 33.6273 0.00170773
W0_RB2in_3B 73 0 0 0 68.6992 0.00360225
W0_RB2out_3F 77 0 0 0 101.763 0.00327743
W0_RB1out_3F 73 0 0 0 96.4247 0.00373867
W0_RB1in_3F 83 0 0 0 55.7355 0.00216103
W0_RB2out_3B 73 0 0 0 85.4173 0.00294632
W0_RB1out_3B 83 0 0 0 26.8611 0.00111543
W0_RB1in_3B 86 0 0 0 30.3768 0.00126142
W0_RB4_10-F 54 1 1 0 51.0488 0.00164411
W0_RB4_10+F 45 13 3 0 51.9121 0.00167191
W0_RB3_10F 63 0 0 0 160.195 0.00864534
W0_RB4_10-B 58 0 0 0 33.2164 0.00114574
W0_RB4_10+B 57 0 0 0 51.1814 0.00176541
W0_RB3_10B 72 1 1 0 114.006 0.00658948
W0_RB2in_10F 78 0 0 0 81.9544 0.00387865
W0_RB2in_10C 86 0 0 0 31.8826 0.00161913
W0_RB2in_10B 87 0 0 0 26.849 0.00140783
W0_RB2out_10F 72 0 0 0 85.3305 0.0027482
W0_RB1out_10F 77 0 0 0 76.9257 0.00298263
W0_RB1in_10F 65 0 0 0 137.876 0.00534587
W0_RB2out_10B 80 0 0 0 68.9738 0.00237913
W0_RB1out_10B 78 0 0 0 41.8319 0.0017371
W0_RB1in_10B 85 0 0 0 36.6807 0.0015232
W0_RB4_11F 41 0 0 0 136.493 0.00550604
W0_RB3_11F 48 13 0 0 541.749 0.029237
W0_RB4_11B 33 3 5 0 129.474 0.00559376
W0_RB3_11B 78 0 0 0 58.0477 0.00335513
W0_RB2in_11F 64 0 0 0 159.665 0.00755648
W0_RB2in_11C 80 0 0 0 44.142 0.00224171
W0_RB2in_11B 88 0 0 0 18.6673 0.000978822
W0_RB2out_11F 70 0 0 0 113.922 0.00366902
W0_RB1out_11F 51 0 0 0 243.774 0.00945182
W0_RB1in_11F 75 0 0 0 77.3547 0.00299927
W0_RB2out_11B 70 0 0 0 197.595 0.0068157
W0_RB1out_11B 66 0 0 0 113.728 0.00472263
W0_RB1in_11B 38 0 0 0 704.273 0.0292455
W0_RB4_12+F 61 2 2 0 198.384 0.0080027
W0_RB3_12F 41 1 0 0 317.251 0.0171213
W0_RB4_12+B 57 2 2 0 230.954 0.00997805
W0_RB3_12B 53 0 0 0 279.253 0.0161406
W0_RB2in_12F 81 1 1 0 80.6547 0.00381714
W0_RB2in_12C 52 1 0 0 186.272 0.00945965
W0_RB2in_12B 72 0 0 0 63.1296 0.00331021
W0_RB2out_12F 74 0 0 0 96.2876 0.00310109
W0_RB1out_12F 20 0 0 0 244.71 0.00948811
W0_RB1in_12F 63 0 0 0 149.046 0.00577893
W0_RB2out_12B 60 0 0 0 209.285 0.00721891
W0_RB1out_12B 77 0 0 0 90.447 0.00375589
W0_RB1in_12B 79 0 0 0 42.2394 0.00175402
