322624  -61885899187
W+1_RB4_4-F 41 27 22 0 0 0
W+1_RB4_4+F 57 15 1 0 0 0
W+1_RB3_4F 76 0 0 0 90.3098 0.00577296
W+1_RB4_4-B 38 33 20 0 0 0
W+1_RB4_4+B 67 5 1 0 0 0
W+1_RB3_4B 79 0 1 0 78.9154 0.00547446
W+1_RB2in_4F 81 0 0 0 27.802 0.00170632
W+1_RB2in_4C 83 0 0 0 47.1082 0.00239235
W+1_RB2in_4B 37 26 39 0 48.8113 0.00342891
W+1_RB2out_4F 77 1 1 0 69.514 0.00265183
W+1_RB1out_4F 35 0 0 0 153.363 0.00704334
W+1_RB1in_4F 28 0 0 0 187.002 0.00858824
W+1_RB2out_4B 74 1 0 0 45.147 0.00186904
W+1_RB1out_4B 70 0 0 0 46.4099 0.00231305
W+1_RB1in_4B 77 1 1 0 60.3664 0.00300863
W+1_RB4_5+F 8 0 0 0 1398.24 0.0564044
W+1_RB3_5F 78 0 0 0 97.8109 0.00527863
W+1_RB4_5+B 10 0 0 0 1113.3 0.0480984
W+1_RB3_5B 81 0 0 0 21.4382 0.00123911
W+1_RB2in_5F 48 0 0 0 198.777 0.0094075
W+1_RB2in_5C 78 0 0 0 56.1179 0.0028499
W+1_RB2in_5B 77 0 0 0 48.0791 0.00252103
W+1_RB2out_5F 76 0 0 0 67.222 0.00216499
W+1_RB1out_5F 42 0 0 0 452.75 0.0175544
W+1_RB1in_5F 54 0 0 0 178.885 0.00693591
W+1_RB2out_5B 83 0 0 0 26.4442 0.000912146
W+1_RB1out_5B 49 0 0 0 213.942 0.00888413
W+1_RB1in_5B 60 0 0 0 114.627 0.00475997
W+1_RB4_6+F 41 0 0 0 823.09 0.033203
W+1_RB3_6F 57 0 0 0 348.015 0.0187816
W+1_RB4_6+B 46 0 0 0 739.929 0.0319676
W+1_RB3_6B 79 0 0 0 72.8963 0.00421337
W+1_RB2in_6F 34 0 0 0 432.053 0.0204477
W+1_RB2in_6C 62 0 0 0 134.108 0.00681054
W+1_RB2in_6B 78 0 0 0 76.1453 0.00399268
W+1_RB2out_6F 81 0 0 0 66.8154 0.00215189
W+1_RB1out_6F 59 0 0 0 211.595 0.00820416
W+1_RB1in_6F 77 0 0 0 74.6765 0.00289542
W+1_RB2out_6B 81 0 0 0 38.1455 0.00131576
W+1_RB1out_6B 46 0 0 0 251.757 0.0104544
W+1_RB1in_6B 74 0 0 0 91.0943 0.00378276
W+1_RB4_7+F 54 0 0 0 417.885 0.0168573
W+1_RB3_7F 47 0 0 0 379.527 0.0204822
W+1_RB4_7+B 54 0 0 0 359.493 0.0155314
W+1_RB3_7B 64 0 0 0 151.54 0.00875894
W+1_RB2in_7F 87 0 0 0 29.8014 0.00141041
W+1_RB2in_7C 78 0 0 0 74.4407 0.0037804
W+1_RB2in_7B 86 0 0 0 29.8114 0.00156316
W+1_RB2out_7F 78 0 0 0 70.7386 0.00227825
W+1_RB1out_7F 80 0 1 0 36.9713 0.00143349
W+1_RB1in_7F 6 0 0 0 1998.26 0.0774783
W+1_RB2out_7B 84 0 0 0 7.09823 0.000244841
W+1_RB1out_7B 78 0 0 0 28.2717 0.00117401
W+1_RB1in_7B 40 0 0 0 221.304 0.00918985
W+1_RB4_8+F 70 0 0 0 224.608 0.0121216
W+1_RB3_8F 65 0 0 0 165.915 0.00895407
W+1_RB4_8+B 79 0 0 0 74.5363 0.00430816
W+1_RB3_8B 65 0 0 0 147.615 0.00853206
W+1_RB2in_8F 81 0 0 0 76.7647 0.00363304
W+1_RB2in_8C 77 0 0 0 76.4145 0.00388064
W+1_RB2in_8B 87 0 0 0 22.1647 0.00116221
W+1_RB2out_8F 65 1 1 0 216.286 0.00696581
W+1_RB1out_8F 52 0 0 0 168.987 0.00655212
W+1_RB1in_8F 34 0 0 0 576.33 0.022346
W+1_RB2out_8B 60 1 3 0 88.7675 0.00306188
W+1_RB1out_8B 43 0 0 0 407.387 0.0169171
W+1_RB1in_8B 66 0 0 0 135.883 0.00564265
W+1_RB4_9F 44 0 0 0 119.567 0.00482327
W+1_RB3_9F 56 13 0 0 103.763 0.00559986
W+1_RB4_9B 42 0 0 0 109.914 0.00474866
W+1_RB3_9B 78 0 0 0 58.0605 0.00335587
W+1_RB2in_9F 85 0 0 0 23.5695 0.00111547
W+1_RB2in_9C 82 0 0 0 63.9814 0.00324924
W+1_RB2in_9B 87 0 0 0 20.1523 0.00105669
W+1_RB2out_9F 76 0 0 0 97.7991 0.00314977
W+1_RB1out_9F 71 0 0 0 81.5667 0.00316258
W+1_RB1in_9F 13 0 0 0 1256.69 0.0487254
W+1_RB2out_9B 78 0 0 0 42.0754 0.00145131
W+1_RB1out_9B 83 0 0 0 12.2496 0.000508676
W+1_RB1in_9B 19 0 0 0 687.864 0.0285641
