322624  -61885899187
RE-1_2_09 41 0 0 0 124.137 0.0105495
RE-1_2_10 39 0 0 0 92.828 0.00788874
RE-1_2_11 18 0 0 0 202.188 0.0171824
RE-1_3_09 95 0 0 0 18.3903 0.001027
RE-1_3_10 60 17 24 0 42.233 0.00235848
RE-1_3_11 69 0 0 0 155.065 0.00865954
RE-2_2_11 10 0 0 0 299.452 0.0252388
RE-2_2_12 16 0 0 0 261.78 0.0220637
RE-2_2_13 21 1 0 0 173.54 0.0146265
RE-2_3_11 36 0 0 0 254.894 0.012934
RE-2_3_12 19 0 0 0 515.702 0.0261682
RE-2_3_13 33 1 1 0 226.361 0.0114862
RE-1_2_12 54 0 0 0 105.682 0.00898111
RE-1_2_13 68 0 0 0 83.3305 0.00708162
RE-1_2_14 34 0 0 0 172.78 0.0146833
RE-1_3_12 93 0 0 0 27.1353 0.00151536
RE-1_3_13 90 0 0 0 93.442 0.00521823
RE-1_3_14 83 0 0 0 37.6207 0.00210091
RE-2_2_14 26 1 0 0 148.788 0.0125403
RE-2_2_15 24 2 2 0 185.476 0.0156325
RE-2_2_16 13 1 1 0 292.225 0.0246297
RE-2_3_14 38 0 0 0 202.743 0.0102878
RE-2_3_15 18 0 0 0 375.276 0.0190426
RE-2_3_16 33 0 0 0 267.597 0.0135787
RE-1_2_15 5 0 0 0 385.891 0.032794
RE-1_2_16 44 0 0 0 94.0611 0.00799353
RE-1_2_17 33 0 0 0 128.259 0.0108997
RE-1_3_15 92 0 0 0 18.4246 0.00102891
RE-1_3_16 84 0 0 0 32.4139 0.00181014
RE-1_3_17 96 0 0 0 5.79538 0.00032364
RE-2_2_17 33 0 0 0 183.173 0.0154385
RE-2_2_18 26 0 0 0 17655.3 1.48805
RE-2_2_19 20 1 0 0 192.65 0.0162372
RE-2_3_17 16 0 0 0 476.522 0.0241801
RE-2_3_18 39 1 1 0 298.072 0.015125
RE-2_3_19 37 0 0 0 276.506 0.0140307
RE-1_2_18 80 0 0 0 42.1104 0.00357864
RE-1_2_19 34 0 0 0 118.147 0.0100404
RE-1_2_20 29 0 0 0 173.813 0.014771
RE-1_3_18 85 0 0 0 46.9118 0.00261977
RE-1_3_19 63 0 0 0 147.286 0.00822514
RE-1_3_20 95 0 0 0 12.0211 0.000671315
RE-2_2_20 18 0 0 0 264.684 0.0223085
RE-2_2_21 23 1 0 0 270.702 0.0228157
RE-2_2_22 17 1 0 0 331.168 0.027912
RE-2_3_20 21 0 0 0 414.846 0.0210505
RE-2_3_21 23 0 0 0 320.846 0.0162807
RE-2_3_22 19 0 0 0 285.558 0.0144901
RE-1_2_21 81 0 0 0 36.0568 0.00306419
RE-1_2_22 46 0 0 0 81.1794 0.00689881
RE-1_2_23 57 0 0 0 85.2265 0.00724274
RE-1_3_21 96 0 0 0 8.97541 0.000501228
RE-1_3_22 86 0 0 0 39.1462 0.0021861
RE-1_3_23 79 0 0 0 114.248 0.00638011
RE-2_2_23 14 1 1 0 384.365 0.0323956
RE-2_2_24 14 0 0 0 305.038 0.0257097
RE-2_2_25 26 1 0 0 155.403 0.0130979
RE-2_3_23 11 1 1 0 469.491 0.0238233
RE-2_3_24 17 0 0 0 509.783 0.0258679
RE-2_3_25 35 0 0 0 246.552 0.0125108
RE-1_2_24 56 0 0 0 90.5853 0.00769815
RE-1_2_25 76 0 0 0 36.5475 0.00310589
RE-1_2_26 75 0 0 0 48.0262 0.00408138
RE-1_3_24 86 0 0 0 231.892 0.0129499
RE-1_3_25 90 0 0 0 41.6746 0.0023273
RE-1_3_26 90 0 0 0 21.2277 0.00118545
RE-2_2_26 5 1 1 0 325.123 0.0274025
RE-2_2_27 22 0 0 0 167.513 0.0141186
RE-2_2_28 19 0 0 0 265.644 0.0223894
RE-2_3_26 26 0 0 0 357.992 0.0181656
RE-2_3_27 65 0 0 0 97.8982 0.00496764
RE-2_3_28 23 0 0 0 348.746 0.0176964
