322624  -61885899187
W+1_RB4_1+F 43 0 0 0 724.418 0.0292227
W+1_RB3_1F 59 0 0 0 168.082 0.009071
W+1_RB4_1+B 54 0 0 0 586.902 0.0253563
W+1_RB3_1B 72 0 0 0 129.279 0.00747225
W+1_RB2in_1F 73 0 0 0 68.3627 0.0032354
W+1_RB2in_1C 86 0 0 0 18.0647 0.000917402
W+1_RB2in_1B 87 0 0 0 8.75668 0.000459157
W+1_RB2out_1F 80 0 0 0 35.635 0.00114768
W+1_RB1out_1F 84 0 0 0 15.0275 0.000582659
W+1_RB1in_1F 90 0 0 0 10.2487 0.00039737
W+1_RB2out_1B 83 0 0 0 9.40029 0.000324246
W+1_RB1out_1B 81 1 2 0 6.50722 0.000270218
W+1_RB1in_1B 78 6 12 0 10.1778 0.000422641
W+1_RB4_2+F 39 0 0 0 1045.77 0.0421857
W+1_RB3_2F 43 0 0 0 466.667 0.0251849
W+1_RB4_2+B 42 0 0 0 1113.29 0.048098
W+1_RB3_2B 36 0 0 0 459.469 0.026557
W+1_RB2in_2F 69 0 0 0 114.903 0.005438
W+1_RB2in_2C 59 0 0 0 112.217 0.00569882
W+1_RB2in_2B 80 4 0 0 31.1956 0.00163574
W+1_RB2out_2F 58 0 0 0 292.246 0.00941222
W+1_RB1out_2F 50 0 0 0 187.548 0.00727177
W+1_RB1in_2F 27 0 0 0 1877.99 0.0728151
W+1_RB2out_2B 46 0 0 0 305.375 0.0105334
W+1_RB1out_2B 54 0 0 0 244.935 0.0101711
W+1_RB1in_2B 58 0 0 0 206.029 0.00855554
W+1_RB4_3+F 11 0 0 0 1551.73 0.0625958
W+1_RB3_3F 66 0 0 0 126.623 0.00683355
W+1_RB4_3+B 8 1 1 0 2466.61 0.106567
W+1_RB3_3B 80 0 0 0 47.734 0.002759
W+1_RB2in_3F 43 0 0 0 296.833 0.0140482
W+1_RB2in_3C 78 0 0 0 53.1246 0.00269789
W+1_RB2in_3B 71 0 0 0 52.3561 0.0027453
W+1_RB2out_3F 35 0 0 0 316.707 0.0102
W+1_RB1out_3F 45 0 0 0 262.69 0.0101852
W+1_RB1in_3F 37 0 0 0 815.445 0.0316172
W+1_RB2out_3B 70 0 0 0 114.445 0.00394758
W+1_RB1out_3B 84 0 0 0 7.23573 0.00030047
W+1_RB1in_3B 83 0 0 0 44.9993 0.00186863
W+1_RB4_10-F 50 4 4 0 57.0279 0.00183667
W+1_RB4_10+F 59 1 1 0 12.4894 0.000402239
W+1_RB3_10F 70 0 0 0 166.612 0.00899167
W+1_RB4_10-B 51 2 0 0 86.178 0.00297256
W+1_RB4_10+B 58 0 0 0 21.5779 0.00074429
W+1_RB3_10B 61 0 0 0 185.019 0.010694
W+1_RB2in_10F 75 0 0 0 165.555 0.00783523
W+1_RB2in_10C 84 0 0 0 67.6572 0.00343591
W+1_RB2in_10B 78 0 0 0 57.2128 0.00299996
W+1_RB2out_10F 67 0 0 0 128.965 0.0041535
W+1_RB1out_10F 3 0 0 0 1420.66 0.0550832
W+1_RB1in_10F 84 0 0 0 97.8385 0.00379348
W+1_RB2out_10B 41 0 0 0 277.514 0.00957234
W+1_RB1out_10B 21 0 0 0 464.288 0.01928
W+1_RB1in_10B 82 0 0 0 84.0096 0.00348857
W+1_RB4_11F 46 0 0 0 67.4211 0.00271973
W+1_RB3_11F 66 1 0 0 198.49 0.0107121
W+1_RB4_11B 47 0 0 0 19.952 0.000861998
W+1_RB3_11B 71 0 0 0 114.899 0.00664108
W+1_RB2in_11F 73 0 0 0 60.6235 0.00286913
W+1_RB2in_11C 85 1 1 0 31.6523 0.00160743
W+1_RB2in_11B 89 0 0 0 8.64453 0.000453277
W+1_RB2out_11F 70 0 0 0 121.483 0.00391254
W+1_RB1out_11F 41 0 0 0 526.706 0.0204219
W+1_RB1in_11F 47 0 0 0 415.113 0.0160951
W+1_RB2out_11B 55 1 0 0 338.225 0.0116665
W+1_RB1out_11B 58 0 0 0 683.744 0.0283931
W+1_RB1in_11B 78 0 0 0 2055.2 0.0853439
W+1_RB4_12+F 41 0 0 0 548.237 0.0221156
W+1_RB3_12F 43 0 0 0 359.224 0.0193865
W+1_RB4_12+B 61 0 0 0 213.026 0.00920348
W+1_RB3_12B 74 0 0 0 99.5588 0.00575445
W+1_RB2in_12F 11 0 0 0 1233.07 0.0583576
W+1_RB2in_12C 15 0 0 0 510.72 0.0259364
W+1_RB2in_12B 12 0 0 0 2494.9 0.13082
W+1_RB2out_12F 15 0 0 0 1389.22 0.0447421
W+1_RB1out_12F 52 0 0 0 234.586 0.0090956
W+1_RB1in_12F 34 0 0 0 677.857 0.0262825
W+1_RB2out_12B 22 0 0 0 2216.37 0.0764498
W+1_RB1out_12B 49 0 0 0 197.147 0.00818668
W+1_RB1in_12B 23 13 1 0 640.324 0.02659
