322624  -61885899187
RE+4_2_09 36 0 0 0 342.501 0.0288672
RE+4_2_10 30 0 0 0 288.594 0.0243237
RE+4_2_11 5 0 0 0 712.434 0.0600464
RE+4_3_09 15 2 1 0 527.371 0.0267603
RE+4_3_10 20 1 1 0 504.165 0.0255828
RE+4_3_11 9 0 0 0 1046.57 0.0531059
RE+4_2_12 26 1 0 0 450.131 0.0379386
RE+4_2_13 39 0 0 0 226.634 0.0191015
RE+4_2_14 18 1 0 0 4332.31 0.365142
RE+4_3_12 4 0 0 0 1241.96 0.0630206
RE+4_3_13 17 0 0 0 375.159 0.0190367
RE+4_3_14 24 0 0 0 980.675 0.0497623
RE+4_2_15 7 1 0 0 695.927 0.0586551
RE+4_2_16 47 0 0 0 211.996 0.0178678
RE+4_2_17 6 0 0 0 1153.6 0.0972293
RE+4_3_15 14 0 0 0 598.143 0.0303515
RE+4_3_16 11 0 0 0 809.552 0.041079
RE+4_3_17 12 0 0 0 908.854 0.0461179
RE+4_2_18 45 0 0 0 401.803 0.0338653
RE+4_2_19 18 1 0 0 737.573 0.0621652
RE+4_2_20 23 0 0 0 353.025 0.0297542
RE+4_3_18 15 0 0 0 448.398 0.022753
RE+4_3_19 10 0 0 0 783.283 0.039746
RE+4_3_20 27 0 0 0 431.234 0.0218821
RE+4_2_21 9 0 0 0 674.758 0.056871
RE+4_2_22 96 0 0 0 0 0
RE+4_2_23 9 5 4 0 765.154 0.0644899
RE+4_3_21 9 0 0 0 1463.18 0.0742459
RE+4_3_22 22 0 0 0 610.63 0.0309851
RE+4_3_23 26 0 0 0 454.396 0.0230574
RE+4_2_24 96 0 0 0 0 0
RE+4_2_25 47 0 0 0 422.279 0.0355911
RE+4_2_26 5 0 0 0 734.54 0.0619096
RE+4_3_24 27 0 0 0 453.377 0.0230057
RE+4_3_25 27 0 0 0 466.032 0.0236478
RE+4_3_26 15 0 0 0 423.149 0.0214718
RE+3_2_09 8 0 0 0 410.109 0.0345654
RE+3_2_10 0 0 0 0 815.364 0.0687217
RE+3_2_11 8 0 0 0 313.622 0.0264331
RE+3_3_09 13 0 0 0 718.892 0.0364787
RE+3_3_10 6 0 0 0 361.233 0.01833
RE+3_3_11 2 0 0 0 1263.68 0.0641229
RE+3_2_12 7 1 1 0 344.356 0.0290236
RE+3_2_13 2 0 0 0 364.811 0.0307475
RE+3_2_14 15 0 0 0 292.792 0.0246776
RE+3_3_12 10 0 0 0 445.66 0.0226141
RE+3_3_13 21 0 0 0 236.903 0.0120212
RE+3_3_14 18 0 0 0 314.054 0.015936
RE+3_2_15 12 0 0 0 340.242 0.0286767
RE+3_2_16 15 0 0 0 217.719 0.0183501
RE+3_2_17 3 0 0 0 286.872 0.0241786
RE+3_3_15 30 0 0 0 202.152 0.0102578
RE+3_3_16 10 0 0 0 286.796 0.0145529
RE+3_3_17 10 0 0 0 333.046 0.0168997
RE+3_2_18 20 0 0 0 165.717 0.0139672
RE+3_2_19 19 0 0 0 267.335 0.0225319
RE+3_2_20 19 0 0 0 172.667 0.0145529
RE+3_3_18 29 1 1 0 175.052 0.00888265
RE+3_3_19 28 0 0 0 328.401 0.016664
RE+3_3_20 17 0 0 0 258.079 0.0130957
RE+3_2_21 35 0 0 0 97.536 0.00822067
RE+3_2_22 39 3 3 0 130.972 0.0110388
RE+3_2_23 13 0 0 0 182.842 0.0154106
RE+3_3_21 49 0 0 0 256.134 0.012997
RE+3_3_22 35 0 0 0 181.613 0.00921555
RE+3_3_23 10 0 0 0 572.292 0.0290398
RE+3_2_24 47 0 0 0 132.387 0.0111581
RE+3_2_25 29 0 0 0 114.881 0.0096826
RE+3_2_26 21 0 0 0 130.35 0.0109863
RE+3_3_24 82 0 0 0 58.2702 0.0029568
RE+3_3_25 15 0 0 0 587.484 0.0298106
RE+3_3_26 6 0 0 0 460.16 0.0233498
