322624  -61885899187
W-1_RB4_4+F 72 0 0 0 0 0
W-1_RB4_4-F 9 0 0 0 1073.96 0.0579594
W-1_RB3_4F 32 0 0 0 1954.08 0.105457
W-1_RB4_4+B 71 1 1 0 0 0
W-1_RB4_4-B 11 0 0 0 1619.43 0.0936024
W-1_RB3_4B 30 0 0 0 1233.97 0.0713227
W-1_RB2in_4F 62 0 0 0 142.039 0.00672226
W-1_RB2in_4C 68 0 0 0 187.508 0.00952242
W-1_RB2in_4B 61 0 0 0 117.736 0.00617347
W-1_RB2out_4F 65 18 5 0 0 0
W-1_RB1out_4F 77 0 0 0 49.2321 0.00190887
W-1_RB1in_4F 58 0 0 0 134.96 0.00523278
W-1_RB2out_4B 69 15 5 0 0 0
W-1_RB1out_4B 84 0 0 0 0 0
W-1_RB1in_4B 51 0 0 0 221.319 0.00919047
W-1_RB4_5+F 80 16 3 0 0 0
W-1_RB3_5F 66 0 0 0 169.495 0.00914728
W-1_RB4_5+B 95 0 1 0 0 0
W-1_RB3_5B 70 0 0 0 112.191 0.0064846
W-1_RB2in_5F 83 0 1 0 37.0786 0.00175482
W-1_RB2in_5C 86 0 0 0 17.8007 0.000903992
W-1_RB2in_5B 89 0 0 0 7.48369 0.000392408
W-1_RB2out_5F 65 0 0 0 111.821 0.00360136
W-1_RB1out_5F 20 0 0 0 308.577 0.0119644
W-1_RB1in_5F 45 0 0 0 240.849 0.00933841
W-1_RB2out_5B 78 0 0 0 44.6852 0.00154134
W-1_RB1out_5B 65 0 0 0 86.549 0.00359402
W-1_RB1in_5B 88 0 0 0 46.6347 0.00193655
W-1_RB4_6+F 31 19 19 0 4688.49 0.189131
W-1_RB3_6F 81 0 0 0 44.8279 0.00241926
W-1_RB4_6+B 26 7 7 0 6362.92 0.274901
W-1_RB3_6B 80 1 1 0 39.2307 0.00226751
W-1_RB2in_6F 79 0 0 0 88.9436 0.00420943
W-1_RB2in_6C 82 0 0 0 36.8149 0.00186961
W-1_RB2in_6B 80 0 0 0 45.8083 0.00240196
W-1_RB2out_6F 73 0 0 0 88.5745 0.00285268
W-1_RB1out_6F 52 0 0 0 160.219 0.00621217
W-1_RB1in_6F 68 0 0 0 111.409 0.00431966
W-1_RB2out_6B 79 0 1 0 42.7499 0.00147458
W-1_RB1out_6B 74 0 0 0 49.6516 0.00206182
W-1_RB1in_6B 72 0 0 0 70.0047 0.002907
W-1_RB4_7+F 55 34 23 0 0 0
W-1_RB3_7F 78 0 0 0 103.163 0.00556746
W-1_RB4_7+B 96 0 0 0 0 0
W-1_RB3_7B 73 0 0 0 93.9751 0.00543171
W-1_RB2in_7F 73 0 0 0 74.0309 0.00350366
W-1_RB2in_7C 76 0 0 0 64.7362 0.00328757
W-1_RB2in_7B 86 0 0 0 19.2774 0.00101081
W-1_RB2out_7F 84 0 0 0 12.5577 0.000404441
W-1_RB1out_7F 80 0 0 0 125.373 0.00486109
W-1_RB1in_7F 84 0 0 0 47.7197 0.00185023
W-1_RB2out_7B 84 0 0 0 2.48169 8.56015e-05
W-1_RB1out_7B 77 0 0 0 49.5418 0.00205726
W-1_RB1in_7B 90 0 0 0 11.2267 0.000466198
W-1_RB4_8+F 78 3 4 0 0 0
W-1_RB3_8F 56 0 0 0 284.297 0.0153428
W-1_RB4_8+B 73 11 1 0 0 0
W-1_RB3_8B 59 0 0 0 191.834 0.0110879
W-1_RB2in_8F 61 0 1 0 144.317 0.00683011
W-1_RB2in_8C 80 0 0 0 67.9672 0.00345165
W-1_RB2in_8B 80 0 0 0 37.4522 0.00196381
W-1_RB2out_8F 59 0 0 0 183.015 0.00589428
W-1_RB1out_8F 55 1 0 0 411.44 0.0159527
W-1_RB1in_8F 18 0 0 0 1412.43 0.0547642
W-1_RB2out_8B 69 2 4 0 65.4754 0.00225846
W-1_RB1out_8B 47 0 0 0 361.903 0.0150283
W-1_RB1in_8B 40 1 1 0 425.434 0.0176665
W-1_RB4_9F 44 0 0 0 131.07 0.00528728
W-1_RB3_9F 67 8 8 0 132.328 0.00714144
W-1_RB4_9B 30 0 0 0 141.122 0.00609699
W-1_RB3_9B 66 0 0 0 159.953 0.00924519
W-1_RB2in_9F 69 0 0 0 130.856 0.00619304
W-1_RB2in_9C 70 2 3 0 80.1425 0.00406997
W-1_RB2in_9B 69 0 0 0 75.0978 0.00393776
W-1_RB2out_9F 80 0 0 0 37.9194 0.00122125
W-1_RB1out_9F 46 0 0 0 282.131 0.010939
W-1_RB1in_9F 23 0 0 0 1260.73 0.0488823
W-1_RB2out_9B 80 1 1 0 33.4997 0.00115551
W-1_RB1out_9B 54 0 0 0 195.803 0.00813088
W-1_RB1in_9B 90 0 0 0 11.3565 0.000471587
