322624  -61885899187
RE+1_2_09 57 0 0 0 61.766 0.00524902
RE+1_2_10 21 0 0 0 1042.5 0.0885941
RE+1_2_11 69 2 0 0 1077.77 0.0915914
RE+1_3_09 57 0 0 0 108.988 0.00608637
RE+1_3_10 82 0 0 0 59.2385 0.00330815
RE+1_3_11 33 0 0 0 407.99 0.0227841
RE+2_2_11 24 0 0 0 211.656 0.0178391
RE+2_2_12 62 0 0 0 61.26 0.00516321
RE+2_2_13 27 0 0 0 217.33 0.0183174
RE+2_3_11 66 0 0 0 271.76 0.0137899
RE+2_3_12 45 0 0 0 181.611 0.00921546
RE+2_3_13 47 0 0 0 145.492 0.00738269
RE+1_2_12 9 0 0 0 278.057 0.02363
RE+1_2_13 15 0 0 0 233.323 0.0198284
RE+1_2_14 13 0 0 0 244.488 0.0207771
RE+1_3_12 63 0 0 0 143.572 0.00801773
RE+1_3_13 33 0 0 0 260.397 0.0145418
RE+1_3_14 75 0 0 0 64.5088 0.00360247
RE+2_2_14 2 0 0 0 684.546 0.0576959
RE+2_2_15 51 0 0 0 129.821 0.0109418
RE+2_2_16 35 0 0 0 108.171 0.009117
RE+2_3_14 15 0 0 0 505.314 0.0256411
RE+2_3_15 43 0 0 0 177.982 0.00903132
RE+2_3_16 26 0 0 0 215.249 0.0109224
RE+1_2_15 3 0 0 0 269.606 0.0229118
RE+1_2_16 8 0 0 0 323.957 0.0275306
RE+1_2_17 4 0 0 0 524.737 0.0445934
RE+1_3_15 56 0 0 0 105.415 0.00588684
RE+1_3_16 76 0 0 0 79.4354 0.00443604
RE+1_3_17 29 0 0 0 483.35 0.0269925
RE+2_2_17 26 0 0 0 207.988 0.01753
RE+2_2_18 18 0 0 0 171.663 0.0144684
RE+2_2_19 36 0 0 0 230.489 0.0194264
RE+2_3_17 34 0 0 0 317.65 0.0161185
RE+2_3_18 31 0 0 0 552.172 0.0280188
RE+2_3_19 42 0 0 0 211.95 0.010755
RE+1_2_18 39 1 1 0 165.609 0.0140738
RE+1_2_19 22 0 0 0 201.647 0.0171364
RE+1_2_20 33 0 0 0 147.226 0.0125116
RE+1_3_18 51 0 0 0 185.078 0.0103356
RE+1_3_19 36 0 0 0 213.092 0.0119
RE+1_3_20 42 0 0 0 205.017 0.0114491
RE+2_2_20 17 0 0 0 198.989 0.0167715
RE+2_2_21 28 0 0 0 143.423 0.0120882
RE+2_2_22 1 0 0 0 377.745 0.0318377
RE+2_3_20 8 0 0 0 738.648 0.0374811
RE+2_3_21 0 0 0 0 1618.82 0.0821437
RE+2_3_22 13 0 0 0 459.91 0.0233372
RE+1_2_21 26 0 0 0 193.645 0.0164564
RE+1_2_22 39 0 0 0 156.669 0.0133141
RE+1_2_23 13 0 0 0 422.467 0.0359023
RE+1_3_21 29 0 0 0 280.924 0.0156881
RE+1_3_22 89 0 0 0 30.1774 0.00168524
RE+1_3_23 48 0 0 0 208.018 0.0116167
RE+2_2_23 49 0 0 0 133.032 0.0112124
RE+2_2_24 22 0 0 0 218.034 0.0183767
RE+2_2_25 28 0 0 0 188.175 0.01586
RE+2_3_23 38 0 0 0 204.847 0.0103945
RE+2_3_24 13 0 0 0 1506.09 0.0764233
RE+2_3_25 6 0 0 0 470.618 0.0238805
RE+1_2_24 45 0 0 0 105.95 0.00900392
RE+1_2_25 30 0 0 0 153.911 0.0130797
RE+1_2_26 50 0 0 0 83.5859 0.00710332
RE+1_3_24 67 0 0 0 94.9815 0.0053042
RE+1_3_25 65 0 0 0 105.893 0.00591353
RE+1_3_26 32 0 0 0 334.346 0.0186714
RE+2_2_26 26 0 0 0 186.73 0.0157382
RE+2_2_27 42 0 0 0 238.622 0.0201119
RE+2_2_28 36 0 0 0 161.429 0.0136058
RE+2_3_26 5 0 0 0 515.69 0.0261676
RE+2_3_27 3 0 0 0 1921.78 0.0975169
RE+2_3_28 11 0 0 0 2404.47 0.12201
