322624  -61885899187
RE-4_2_33 46 1 0 0 213.617 0.0180044
RE-4_2_34 9 2 0 0 780.484 0.0657819
RE-4_2_35 9 1 1 0 920.634 0.0775943
RE-4_3_33 13 0 0 0 949.621 0.0481865
RE-4_3_34 14 0 0 0 594.725 0.0301781
RE-4_3_35 14 1 1 0 903.752 0.045859
RE-4_2_36 7 2 1 0 685.544 0.0577801
RE-4_2_01 14 1 0 0 580.827 0.0489541
RE-4_2_02 6 1 1 0 908.491 0.0765708
RE-4_3_36 10 1 1 0 729.144 0.0369989
RE-4_3_01 16 1 1 0 988.808 0.050175
RE-4_3_02 17 0 0 0 697.19 0.0353774
RE-4_2_03 12 1 0 0 2339.41 0.197174
RE-4_2_04 12 1 1 0 1225.31 0.103273
RE-4_2_05 16 2 1 0 340.076 0.0286628
RE-4_3_03 20 0 0 0 646.649 0.0328128
RE-4_3_04 8 0 0 0 634.381 0.0321904
RE-4_3_05 18 1 1 0 723.559 0.0367155
RE-4_2_06 26 1 0 0 511.844 0.04314
RE-4_2_07 41 0 0 0 780.341 0.0657699
RE-4_2_08 7 1 0 0 817.227 0.0688787
RE-4_3_06 18 1 1 0 788.429 0.0400072
RE-4_3_07 13 0 0 0 1118.73 0.0567675
RE-4_3_08 31 0 0 0 413.541 0.0209843
RE-4_2_27 26 0 0 0 354.162 0.02985
RE-4_2_28 1 0 1 0 1058.68 0.0892295
RE-4_2_29 18 2 2 0 583.427 0.0491733
RE-4_3_27 3 0 0 0 1621.44 0.0822764
RE-4_3_28 4 0 0 0 1303.77 0.066157
RE-4_3_29 6 0 0 0 2101.31 0.106627
RE-4_2_30 24 4 4 0 377.611 0.0318264
RE-4_2_31 16 2 2 0 475.632 0.0400879
RE-4_2_32 16 1 0 0 595.64 0.0502026
RE-4_3_30 11 3 3 0 3280.39 0.166456
RE-4_3_31 4 2 2 0 960.183 0.0487225
RE-4_3_32 10 1 1 0 698.898 0.0354641
RE-3_2_33 23 1 0 0 148.158 0.0124872
RE-3_2_34 29 0 0 0 135.319 0.0114052
RE-3_2_35 11 0 0 0 218.833 0.018444
RE-3_3_33 27 0 0 0 237.125 0.0120324
RE-3_3_34 37 0 0 0 233.247 0.0118356
RE-3_3_35 35 0 0 0 167.669 0.00850801
RE-3_2_36 15 0 0 0 735.64 0.0620023
RE-3_2_01 16 0 0 0 260.866 0.0219867
RE-3_2_02 44 0 0 0 96.4148 0.00812618
RE-3_3_36 44 0 0 0 175.596 0.00891024
RE-3_3_01 47 0 0 0 149.937 0.00760823
RE-3_3_02 33 0 0 0 199.266 0.0101113
RE-3_2_03 22 1 0 0 181.039 0.0152586
RE-3_2_04 29 1 0 0 8631.34 0.727479
RE-3_2_05 19 0 0 0 192.798 0.0162497
RE-3_3_03 33 0 0 0 341.911 0.0173495
RE-3_3_04 42 1 1 0 206.385 0.0104726
RE-3_3_05 44 0 0 0 212.755 0.0107958
RE-3_2_06 21 0 0 0 272.459 0.0229638
RE-3_2_07 14 1 1 0 235.075 0.019813
RE-3_2_08 16 0 0 0 210.025 0.0177016
RE-3_3_06 3 1 1 0 694.012 0.0352162
RE-3_3_07 44 0 0 0 191.272 0.00970569
RE-3_3_08 32 0 0 0 8877.65 0.450478
RE-3_2_27 26 0 0 0 218.775 0.0184391
RE-3_2_28 40 0 0 0 108.24 0.00912284
RE-3_2_29 14 1 1 0 192.768 0.0162472
RE-3_3_27 30 0 0 0 328.043 0.0166459
RE-3_3_28 55 0 0 0 114.825 0.00582654
RE-3_3_29 44 0 0 0 203.654 0.010334
RE-3_2_30 36 0 0 0 148.817 0.0125428
RE-3_2_31 38 0 0 0 87.8098 0.00740091
RE-3_2_32 37 1 0 0 107.37 0.00904956
RE-3_3_30 36 0 1 0 190.598 0.00967151
RE-3_3_31 28 0 0 0 283.827 0.0144022
RE-3_3_32 39 2 1 0 189.496 0.00961556
