322624  -61885899187
W-1_RB4_1+F 70 0 0 0 220.359 0.00888918
W-1_RB3_1F 72 12 0 0 0 0
W-1_RB4_1+B 75 0 0 0 146.21 0.00631683
W-1_RB3_1B 79 5 0 0 0 0
W-1_RB2in_1F 81 0 0 0 43.2667 0.00204768
W-1_RB2in_1C 83 0 1 0 1128.89 0.0573299
W-1_RB2in_1B 85 0 0 0 19.1007 0.00100155
W-1_RB2out_1F 73 0 0 0 97.9328 0.00315408
W-1_RB1out_1F 77 0 0 0 45.205 0.00175273
W-1_RB1in_1F 72 0 0 0 94.7277 0.00367287
W-1_RB2out_1B 77 4 0 0 25.5597 0.000881637
W-1_RB1out_1B 84 0 0 0 10.8017 0.000448551
W-1_RB1in_1B 90 0 0 0 9.99094 0.000414882
W-1_RB4_2+F 55 30 34 0 0 0
W-1_RB3_2F 70 0 0 0 101.35 0.00546963
W-1_RB4_2+B 92 3 3 0 0 0
W-1_RB3_2B 73 0 0 0 79.8044 0.00461265
W-1_RB2in_2F 73 0 0 0 68.3452 0.00323457
W-1_RB2in_2C 76 0 0 0 86.8437 0.00441028
W-1_RB2in_2B 81 1 1 0 48.9133 0.00256477
W-1_RB2out_2F 77 0 0 0 69.7483 0.00224635
W-1_RB1out_2F 24 0 0 0 944.788 0.0366322
W-1_RB1in_2F 24 0 0 0 838.443 0.0325089
W-1_RB2out_2B 82 1 1 0 17.0695 0.000588784
W-1_RB1out_2B 39 1 1 0 424.679 0.0176351
W-1_RB1in_2B 39 0 0 0 498.565 0.0207033
W-1_RB4_3+F 47 0 0 0 300.751 0.0143703
W-1_RB3_3F 70 0 0 0 99.1036 0.00633509
W-1_RB4_3+B 62 0 0 0 193.951 0.010057
W-1_RB3_3B 71 0 0 0 180.861 0.0125466
W-1_RB2in_3F 62 0 0 0 208.054 0.0127691
W-1_RB2in_3C 73 0 0 0 57.9989 0.00294542
W-1_RB2in_3B 88 0 0 0 11.4193 0.000802187
W-1_RB2out_3F 80 0 0 0 48.8128 0.00186212
W-1_RB1out_3F 24 0 0 0 401.89 0.0184572
W-1_RB1in_3F 27 0 0 0 233.358 0.0107172
W-1_RB2out_3B 75 4 0 0 55.078 0.00228017
W-1_RB1out_3B 69 0 0 0 70.1693 0.0034972
W-1_RB1in_3B 53 0 0 0 117.458 0.00585406
W-1_RB4_10+F 52 0 0 0 156.756 0.00504856
W-1_RB4_10-F 53 1 1 0 98.0527 0.00315794
W-1_RB3_10F 60 0 0 0 252.242 0.0136129
W-1_RB4_10+B 56 0 0 0 27.4667 0.000947415
W-1_RB4_10-B 57 0 0 0 37.8703 0.00130627
W-1_RB3_10B 53 0 0 0 293.4 0.0169584
W-1_RB2in_10F 72 0 0 0 97.4781 0.00461334
W-1_RB2in_10C 64 0 0 0 80.9045 0.00410867
W-1_RB2in_10B 79 0 0 0 73.0434 0.00383004
W-1_RB2out_10F 63 0 0 0 136.746 0.00440411
W-1_RB1out_10F 38 0 0 0 309.585 0.0120035
W-1_RB1in_10F 57 0 0 0 199.229 0.00772469
W-1_RB2out_10B 75 0 0 0 85.544 0.00295069
W-1_RB1out_10B 51 0 0 0 221.621 0.009203
W-1_RB1in_10B 58 0 0 0 170.913 0.00709729
W-1_RB4_11F 43 0 0 0 71.8717 0.00289927
W-1_RB3_11F 71 8 2 0 2182.39 0.117779
W-1_RB4_11B 46 0 0 0 18.5129 0.000799826
W-1_RB3_11B 67 13 5 0 154.789 0.00894671
W-1_RB2in_11F 80 0 0 0 54.0787 0.00255938
W-1_RB2in_11C 63 0 0 0 122.776 0.00623509
W-1_RB2in_11B 85 0 0 0 20.4882 0.0010743
W-1_RB2out_11F 76 0 0 0 101.172 0.0032584
W-1_RB1out_11F 28 0 0 0 516.106 0.0200109
W-1_RB1in_11F 33 0 0 0 509.572 0.0197576
W-1_RB2out_11B 75 0 0 0 70.1754 0.00242058
W-1_RB1out_11B 22 0 0 0 578.991 0.0240431
W-1_RB1in_11B 31 0 0 0 879.729 0.0365315
W-1_RB4_12+F 35 0 0 0 2137.2 0.0862138
W-1_RB3_12F 37 0 39 0 55.382 0.00298884
W-1_RB4_12+B 38 0 0 0 1024.85 0.0442774
W-1_RB3_12B 38 0 39 0 80.6188 0.00465972
W-1_RB2in_12F 50 0 0 0 151.483 0.00716922
W-1_RB2in_12C 72 0 0 0 93.2468 0.00473546
W-1_RB2in_12B 77 0 0 0 36.2795 0.00190232
W-1_RB2out_12F 76 0 0 0 97.6752 0.00314578
W-1_RB1out_12F 76 0 0 0 54.563 0.00211557
W-1_RB1in_12F 27 0 0 0 403.596 0.0156486
W-1_RB2out_12B 60 0 0 0 161.654 0.00557597
W-1_RB1out_12B 74 0 0 0 63.4371 0.00263428
W-1_RB1in_12B 49 0 0 0 254.344 0.0105618
