322624  -61885899187
W-2_RB4_1+F 79 5 3 0 102.076 0.0041177
W-2_RB3_1F 64 0 0 0 191.305 0.0103243
W-2_RB4_1+B 79 12 3 0 69.0191 0.00298188
W-2_RB3_1B 67 0 0 0 184.891 0.0106866
W-2_RB2out_1F 76 0 0 0 49.1662 0.00232689
W-2_RB2out_1C 78 0 0 0 33.2761 0.0016899
W-2_RB2out_1B 81 0 0 0 22.0736 0.00115743
W-2_RB2in_1F 74 0 0 0 86.0667 0.00277191
W-2_RB1out_1F 79 0 0 0 32.9984 0.00127945
W-2_RB1in_1F 61 0 0 0 189.911 0.0073634
W-2_RB2in_1B 79 0 0 0 59.2334 0.00204315
W-2_RB1out_1B 73 0 0 0 59.3939 0.00246638
W-2_RB1in_1B 66 0 0 0 153.845 0.00638856
W-2_RB4_2+F 10 0 0 0 1749.6 0.070578
W-2_RB3_2F 75 3 1 0 54.2296 0.00292665
W-2_RB4_2+B 14 0 0 0 1210.84 0.0523125
W-2_RB3_2B 75 8 0 0 16.7549 0.000968425
W-2_RB2out_2F 46 0 0 0 139.097 0.00658305
W-2_RB2out_2C 68 0 0 0 102.153 0.00518774
W-2_RB2out_2B 61 0 0 0 87.9797 0.00461322
W-2_RB2in_2F 88 0 0 0 26.7535 0.000861639
W-2_RB1out_2F 13 0 0 0 871.981 0.0338092
W-2_RB1in_2F 55 0 0 0 244.822 0.00949245
W-2_RB2in_2B 89 0 1 0 11.947 0.000412092
W-2_RB1out_2B 21 0 0 0 359.215 0.0149167
W-2_RB1in_2B 74 0 0 0 91.9892 0.00381993
W-2_RB4_3+F 22 0 0 0 1153.51 0.0465319
W-2_RB3_3F 72 0 0 0 92.5071 0.0049924
W-2_RB4_3+B 23 0 0 0 891.639 0.0385221
W-2_RB3_3B 65 7 9 0 36.5506 0.0021126
W-2_RB2out_3F 64 0 0 0 89.3109 0.00422682
W-2_RB2out_3C 55 0 0 0 105.105 0.00533767
W-2_RB2out_3B 74 0 0 0 33.7009 0.00176711
W-2_RB2in_3F 59 7 7 0 123.068 0.00396361
W-2_RB1out_3F 44 0 0 0 278.803 0.01081
W-2_RB1in_3F 44 0 0 0 360.192 0.0139657
W-2_RB2in_3B 76 0 0 0 76.2707 0.00263082
W-2_RB1out_3B 16 0 0 0 471.793 0.0195916
W-2_RB1in_3B 35 0 0 0 449.677 0.0186732
W-2_RB4_10+F 55 0 0 0 75.5639 0.00243365
W-2_RB4_10-F 51 0 0 0 105.965 0.00341278
W-2_RB3_10F 71 0 0 0 180.004 0.00971441
W-2_RB4_10+B 58 0 0 0 19.8799 0.000685722
W-2_RB4_10-B 55 0 0 0 68.0984 0.00234893
W-2_RB3_10B 80 0 0 0 36.9254 0.00213427
W-2_RB2out_10F 49 0 0 0 153.739 0.00727599
W-2_RB2out_10C 41 2 2 0 176.014 0.00893872
W-2_RB2out_10B 63 0 0 0 73.5551 0.00385687
W-2_RB2in_10F 57 0 0 0 190.617 0.00613912
W-2_RB1out_10F 27 0 0 0 647.842 0.0251187
W-2_RB1in_10F 50 4 0 0 219.422 0.00850763
W-2_RB2in_10B 74 0 0 0 90.1356 0.00310907
W-2_RB1out_10B 46 4 0 0 217.469 0.00903056
W-2_RB1in_10B 82 0 0 0 37.1472 0.00154257
W-2_RB4_11F 44 0 0 0 43.3402 0.00174832
W-2_RB3_11F 71 0 0 0 209.104 0.0112849
W-2_RB4_11B 47 0 0 0 5.60147 0.000242004
W-2_RB3_11B 64 0 0 0 169.701 0.00980864
W-2_RB2out_11F 66 0 0 0 98.9879 0.0046848
W-2_RB2out_11C 52 0 0 0 152.715 0.00775548
W-2_RB2out_11B 69 0 0 0 79.7693 0.00418271
W-2_RB2in_11F 60 0 0 0 230.051 0.00740915
W-2_RB1out_11F 22 0 0 0 1098.1 0.0425766
W-2_RB1in_11F 32 0 0 0 475.204 0.018425
W-2_RB2in_11B 75 0 0 0 75.3132 0.00259779
W-2_RB1out_11B 31 0 0 0 644.681 0.0267709
W-2_RB1in_11B 32 14 0 0 349.472 0.0145121
W-2_RB4_12+F 40 0 0 0 375.608 0.0151518
W-2_RB3_12F 29 0 37 0 110.34 0.00595482
W-2_RB4_12+B 60 0 0 0 155.333 0.00671095
W-2_RB3_12B 68 0 13 0 1570.23 0.0907585
W-2_RB2out_12F 39 0 0 0 179.643 0.00850194
W-2_RB2out_12C 73 0 0 0 47.6663 0.00242069
W-2_RB2out_12B 64 0 0 0 82.1594 0.00430804
W-2_RB2in_12F 72 1 1 0 105.415 0.00339505
W-2_RB1out_12F 75 0 0 0 48.9638 0.00189847
W-2_RB1in_12F 11 0 0 0 2148.56 0.083306
W-2_RB2in_12B 82 0 0 0 42.2505 0.00145736
W-2_RB1out_12B 68 0 0 0 86.8005 0.00360446
W-2_RB1in_12B 24 0 0 0 2154.67 0.0894743
