322624  -61885899187
RE+1_2_36 34 0 0 0 10120.9 0.860099
RE+1_2_01 46 2 2 0 126.742 0.0107708
RE+1_2_02 45 0 0 0 147.28 0.0125162
RE+1_3_36 67 0 0 0 121.069 0.00676106
RE+1_3_01 37 0 0 0 354.676 0.0198067
RE+1_3_02 33 0 0 0 270.677 0.0151158
RE+2_2_02 30 0 0 0 209.384 0.0176476
RE+2_2_03 29 0 0 0 224.845 0.0189507
RE+2_2_04 50 0 0 0 107.989 0.00910171
RE+2_3_02 20 0 0 0 268.691 0.0136341
RE+2_3_03 24 0 0 0 227.653 0.0115518
RE+2_3_04 44 0 0 0 308.565 0.0156575
RE+1_2_03 21 0 0 0 146.069 0.0124133
RE+1_2_04 4 1 1 0 486.03 0.0413039
RE+1_2_05 56 0 0 0 106.078 0.00901475
RE+1_3_03 70 0 0 0 75.0172 0.0041893
RE+1_3_04 58 0 0 0 138.624 0.00774141
RE+1_3_05 42 0 0 0 388.178 0.0216776
RE+2_2_05 27 0 0 0 246.116 0.0207435
RE+2_2_06 35 0 0 0 134.888 0.0113688
RE+2_2_07 24 0 0 0 156.112 0.0131577
RE+2_3_05 14 0 0 0 372.734 0.0189136
RE+2_3_06 62 0 0 0 109.544 0.00555856
RE+2_3_07 35 0 0 0 222.702 0.0113005
RE+1_1_03 25 0 0 0 45.7616 0.0269805
RE+1_1_04 28 0 0 0 5435.01 3.20442
RE+1_2_06 11 0 0 0 411.194 0.0349442
RE+1_2_07 24 0 0 0 257.848 0.0219126
RE+1_2_08 68 1 1 0 53.9699 0.00458649
RE+1_3_06 45 0 0 0 186.064 0.0103907
RE+1_3_07 36 0 0 0 182.858 0.0102116
RE+1_3_08 19 0 0 0 226.81 0.0126661
RE+1_1_01 0 0 0 0 217060 127.976
RE+1_1_02 23 1 0 0 45.868 0.0270432
RE+2_2_08 10 0 0 0 383.098 0.0322888
RE+2_2_09 39 0 0 0 118.343 0.00997436
RE+2_2_10 8 0 0 0 253.229 0.021343
RE+2_3_08 24 0 0 0 283.009 0.0143607
RE+2_3_09 14 0 0 0 308.63 0.0156608
RE+2_3_10 21 0 0 0 257.456 0.0130641
RE+1_2_27 4 0 0 0 563.863 0.0479184
RE+1_2_28 20 0 0 0 274.172 0.0232998
RE+1_2_29 11 3 4 0 9034.52 0.767775
RE+1_3_27 55 0 0 0 121.223 0.00676964
RE+1_3_28 67 0 0 0 183.142 0.0102275
RE+1_3_29 50 4 4 0 158.617 0.00885788
RE+2_2_29 32 0 0 0 152.077 0.0128176
RE+2_2_30 27 0 0 0 177.166 0.0149321
RE+2_2_31 28 0 0 0 160.728 0.0135467
RE+2_3_29 24 0 0 0 755.863 0.0383547
RE+2_3_30 7 0 0 0 1371.15 0.0695762
RE+2_3_31 9 0 0 0 2092.32 0.10617
RE+1_2_30 80 0 0 0 39.2729 0.0033375
RE+1_2_31 18 0 0 0 249.373 0.0211923
RE+1_2_32 94 0 0 0 14.0597 0.00119483
RE+1_3_30 92 0 0 0 22.0444 0.00123106
RE+1_3_31 80 0 0 0 510.016 0.0284816
RE+1_3_32 44 0 0 0 261.046 0.014578
RE+2_2_32 34 0 0 0 907.125 0.0764557
RE+2_2_33 26 0 0 0 180.99 0.0152544
RE+2_2_34 18 0 0 0 215.292 0.0181455
RE+2_3_32 6 0 0 0 2335.7 0.11852
RE+2_3_33 23 0 0 0 453.517 0.0230127
RE+2_3_34 39 0 0 0 175.965 0.00892898
RE+1_2_33 22 0 0 0 179.418 0.0152473
RE+1_2_34 5 1 1 0 308.073 0.0261808
RE+1_2_35 95 1 1 0 0 0
RE+1_3_33 71 0 0 0 79.3781 0.00443284
RE+1_3_34 74 0 0 0 82.6446 0.00461525
RE+1_3_35 50 0 0 0 377.714 0.0210933
RE+2_2_35 25 0 0 0 185.005 0.0155929
RE+2_2_36 70 0 0 0 96.7657 0.00815575
RE+2_2_01 47 0 1 0 88.7495 0.00748012
RE+2_3_35 14 0 0 0 442.539 0.0224557
RE+2_3_36 11 0 0 0 303.574 0.0154042
RE+2_3_01 56 0 0 0 142.69 0.00724052
