322624  -61885899187
W0_RB4_4+F 17 0 0 0 1211.17 0.0653641
W0_RB4_4-F 18 0 0 0 1143.4 0.0617065
W0_RB3_4F 78 1 2 0 63.8094 0.00344364
W0_RB4_4+B 5 0 0 0 2246.14 0.129826
W0_RB4_4-B 7 0 0 0 1408.58 0.081415
W0_RB3_4B 77 0 0 0 61.2429 0.00353981
W0_RB2in_4F 79 0 0 0 61.2801 0.0029002
W0_RB2in_4C 77 0 0 0 54.1524 0.00275008
W0_RB2in_4B 76 0 0 0 73.5596 0.0038571
W0_RB2out_4F 71 0 0 0 85.4027 0.00275053
W0_RB1out_4F 74 1 1 0 48.4459 0.00187839
W0_RB1in_4F 76 0 0 0 96.8204 0.00375401
W0_RB2out_4B 81 0 0 0 35.5219 0.00122527
W0_RB1out_4B 82 1 1 0 10.0727 0.000418276
W0_RB1in_4B 83 0 0 0 63.0318 0.00261745
W0_RB4_5+F 24 0 0 0 621.609 0.0250754
W0_RB3_5F 71 0 0 0 142.764 0.00770462
W0_RB4_5+B 12 0 0 0 903.742 0.0390449
W0_RB3_5B 81 0 0 0 44.0856 0.00254812
W0_RB2in_5F 41 33 40 0 54.5633 0.00258231
W0_RB2in_5C 82 0 0 0 33.223 0.0016872
W0_RB2in_5B 86 0 0 0 17.9622 0.000941848
W0_RB2out_5F 72 0 0 0 83.839 0.00270016
W0_RB1out_5F 45 0 0 0 223.287 0.00865748
W0_RB1in_5F 26 0 0 0 2058.72 0.0798225
W0_RB2out_5B 70 0 0 0 78.9125 0.00272195
W0_RB1out_5B 24 0 0 0 1290.58 0.0535923
W0_RB1in_5B 61 0 0 0 262.706 0.0109091
W0_RB4_6+F 40 0 0 0 451.676 0.0182204
W0_RB3_6F 75 0 0 0 94.085 0.00507755
W0_RB4_6+B 73 0 0 0 257.755 0.011136
W0_RB3_6B 75 0 0 0 123.759 0.00715323
W0_RB2in_6F 83 0 0 0 31.4353 0.00148774
W0_RB2in_6C 72 0 0 0 88.5582 0.00449735
W0_RB2in_6B 76 0 0 0 73.9945 0.00387991
W0_RB2out_6F 51 0 0 0 3450.71 0.111135
W0_RB1out_6F 63 0 0 0 130.938 0.00507685
W0_RB1in_6F 58 0 0 0 135 0.00523434
W0_RB2out_6B 62 0 0 0 109.232 0.00376777
W0_RB1out_6B 77 0 0 0 43.4835 0.00180569
W0_RB1in_6B 85 0 0 0 39.8418 0.00165447
W0_RB4_7+F 84 7 12 0 0 0
W0_RB3_7F 26 0 0 0 440.25 0.0237593
W0_RB4_7+B 96 0 0 0 0 0
W0_RB3_7B 74 0 0 0 113.464 0.00655814
W0_RB2in_7F 73 0 0 0 95.6993 0.00452916
W0_RB2in_7C 77 0 0 0 2689.85 0.136602
W0_RB2in_7B 86 0 0 0 19.0158 0.000997097
W0_RB2out_7F 79 1 1 0 41.8019 0.0013463
W0_RB1out_7F 82 1 1 0 17.564 0.000681009
W0_RB1in_7F 88 0 0 0 29.6138 0.00114821
W0_RB2out_7B 84 0 0 0 12.2669 0.000423124
W0_RB1out_7B 83 0 0 0 18.1531 0.000753822
W0_RB1in_7B 90 0 0 0 4.99129 0.000207268
W0_RB4_8+F 56 0 0 0 321.786 0.0173661
W0_RB3_8F 70 1 1 0 128.548 0.00693745
W0_RB4_8+B 75 4 1 0 54.0084 0.00312166
W0_RB3_8B 27 0 0 0 446.558 0.0258108
W0_RB2in_8F 76 0 0 0 86.9798 0.00411649
W0_RB2in_8C 67 0 0 0 115.106 0.00584556
W0_RB2in_8B 78 0 0 0 56.2393 0.00294891
W0_RB2out_8F 57 1 1 0 220.399 0.00709828
W0_RB1out_8F 72 0 0 0 78.7253 0.00305241
W0_RB1in_8F 81 0 0 0 42.3962 0.00164382
W0_RB2out_8B 71 0 0 0 100.979 0.00348311
W0_RB1out_8B 79 0 0 0 24.8149 0.00103046
W0_RB1in_8B 90 0 0 0 4.03053 0.000167371
W0_RB4_9F 47 0 0 0 26.753 0.0010792
W0_RB3_9F 71 0 0 0 190.637 0.0102883
W0_RB4_9B 45 0 0 0 44.9176 0.0019406
W0_RB3_9B 75 0 0 0 85.1357 0.0049208
W0_RB2in_9F 51 1 0 0 149.466 0.00707379
W0_RB2in_9C 85 0 0 0 32.0308 0.00162666
W0_RB2in_9B 84 0 0 0 35.3536 0.00185377
W0_RB2out_9F 52 1 1 0 222.199 0.00715628
W0_RB1out_9F 79 0 0 0 51.8411 0.00201003
W0_RB1in_9F 77 1 0 0 108.939 0.0042239
W0_RB2out_9B 66 1 1 0 89.707 0.00309428
W0_RB1out_9B 68 0 0 0 56.6354 0.00235183
W0_RB1in_9B 64 0 0 0 130.351 0.00541293
