322624  -61885899187
W+2_RB4_1+F 83 1 1 0 114.705 0.00462715
W+2_RB3_1F 75 0 0 0 73.8101 0.00398336
W+2_RB4_1+B 74 0 0 0 153.492 0.00663139
W+2_RB3_1B 82 0 0 0 23.4792 0.00135709
W+2_RB2out_1F 73 1 0 0 47.2762 0.00223744
W+2_RB2out_1C 81 0 0 0 18.2809 0.000928377
W+2_RB2out_1B 80 0 0 0 20.8688 0.00109426
W+2_RB2in_1F 86 0 0 0 35.6351 0.00114768
W+2_RB1out_1F 74 0 0 0 54.6365 0.00211842
W+2_RB1in_1F 60 1 2 0 176.916 0.00685957
W+2_RB2in_1B 90 0 0 0 14.4241 0.000497532
W+2_RB1out_1B 77 1 1 0 32.6494 0.00135579
W+2_RB1in_1B 55 1 1 0 203.388 0.00844585
W+2_RB4_2+F 28 0 0 0 1174.88 0.0473939
W+2_RB3_2F 50 0 0 0 329.014 0.0177561
W+2_RB4_2+B 20 0 0 0 1667.34 0.072035
W+2_RB3_2B 61 0 0 0 215.273 0.0124427
W+2_RB2out_2F 76 0 0 0 83.964 0.00397376
W+2_RB2out_2C 58 0 0 0 136.115 0.00691247
W+2_RB2out_2B 56 0 0 0 142.539 0.00747404
W+2_RB2in_2F 51 0 0 0 197.314 0.0063548
W+2_RB1out_2F 8 0 0 0 3211.99 0.124538
W+2_RB1in_2F 9 0 0 0 1076.86 0.0417528
W+2_RB2in_2B 81 1 1 0 87.4271 0.00301564
W+2_RB1out_2B 34 0 0 0 561.115 0.0233008
W+2_RB1in_2B 33 0 0 0 958.47 0.0398012
W+2_RB4_3+F 33 0 0 0 1422.61 0.0573872
W+2_RB3_3F 66 0 0 0 146.128 0.00788622
W+2_RB4_3+B 35 0 0 0 1771.41 0.0765315
W+2_RB3_3B 76 0 0 0 58.9792 0.00340897
W+2_RB2out_3F 41 0 0 0 159.114 0.00753038
W+2_RB2out_3C 67 0 0 0 75.2006 0.00381899
W+2_RB2out_3B 62 7 8 0 55.5255 0.00291149
W+2_RB2in_3F 66 0 0 0 130.855 0.00421439
W+2_RB1out_3F 45 0 0 0 228.131 0.00884531
W+2_RB1in_3F 5 1 0 0 1567.65 0.0607824
W+2_RB2in_3B 90 0 0 0 14.7668 0.000509355
W+2_RB1out_3B 60 1 1 0 109.541 0.00454878
W+2_RB1in_3B 7 0 0 0 1995.45 0.0828627
W+2_RB4_10-F 58 0 0 0 69.3645 0.00223399
W+2_RB4_10+F 54 0 0 0 105.36 0.00339328
W+2_RB3_10F 62 0 0 0 158.299 0.00854306
W+2_RB4_10-B 57 0 0 0 43.9938 0.00151749
W+2_RB4_10+B 56 0 0 0 65.5696 0.00226171
W+2_RB3_10B 53 0 0 0 273.436 0.0158045
W+2_RB2out_10F 76 0 0 0 61.704 0.00292027
W+2_RB2out_10C 68 0 0 0 86.6359 0.00439973
W+2_RB2out_10B 75 0 0 0 36.5839 0.00191828
W+2_RB2in_10F 52 1 0 0 278.031 0.00895441
W+2_RB1out_10F 43 0 0 0 436.068 0.0169076
W+2_RB1in_10F 34 0 0 0 562.989 0.0218287
W+2_RB2in_10B 43 1 1 0 489.309 0.0168778
W+2_RB1out_10B 36 0 0 0 270.769 0.0112439
W+2_RB1in_10B 32 0 0 0 1046.92 0.0434742
W+2_RB4_11F 42 4 4 0 22.2904 0.000899185
W+2_RB3_11F 69 0 0 0 91.3185 0.00492825
W+2_RB4_11B 48 0 0 0 7.21565 0.000311742
W+2_RB3_11B 81 0 0 0 17.7203 0.00102423
W+2_RB2out_11F 80 0 0 0 31.8168 0.00150579
W+2_RB2out_11C 64 0 0 0 131.015 0.00665346
W+2_RB2out_11B 81 0 0 0 17.2939 0.000906808
W+2_RB2in_11F 90 0 0 0 36.9994 0.00119162
W+2_RB1out_11F 55 0 1 0 197.894 0.00767291
W+2_RB1in_11F 35 0 0 0 591.264 0.022925
W+2_RB2in_11B 89 0 0 0 12.6184 0.00043525
W+2_RB1out_11B 75 0 0 0 53.9202 0.00223908
W+2_RB1in_11B 32 0 0 0 1714.84 0.0712101
W+2_RB4_12+F 45 4 3 0 389.273 0.0157031
W+2_RB3_12F 61 9 9 0 71.1722 0.003841
W+2_RB4_12+B 46 1 1 0 365.452 0.0157888
W+2_RB3_12B 67 11 4 0 28.1959 0.00162971
W+2_RB2out_12F 41 0 0 0 356.02 0.0168494
W+2_RB2out_12C 67 0 1 0 85.0805 0.00432074
W+2_RB2out_12B 62 1 1 0 91.4847 0.00479701
W+2_RB2in_12F 68 1 0 0 156.593 0.00504332
W+2_RB1out_12F 84 0 0 0 18.349 0.000711445
W+2_RB1in_12F 42 0 0 0 566.345 0.0219588
W+2_RB2in_12B 81 1 1 0 91.5115 0.00315653
W+2_RB1out_12B 54 0 0 0 552.379 0.022938
W+2_RB1in_12B 90 0 0 0 6.18317 0.000256761
