322624  -61885899187
RE+4_2_33 29 0 0 0 496.467 0.041844
RE+4_2_34 19 1 1 0 445.897 0.0375817
RE+4_2_35 12 2 2 0 388.712 0.032762
RE+4_3_33 7 0 0 0 1547.66 0.0785326
RE+4_3_34 10 0 0 0 753.293 0.0382243
RE+4_3_35 15 1 1 0 615.513 0.0312329
RE+4_2_36 13 1 0 0 589.123 0.0496533
RE+4_2_01 10 1 1 0 1064.76 0.089742
RE+4_2_02 28 1 0 0 382.487 0.0322373
RE+4_3_36 21 0 0 0 624.43 0.0316854
RE+4_3_01 28 0 0 0 372.756 0.0189147
RE+4_3_02 22 9 9 0 463.281 0.0235082
RE+4_2_03 20 0 0 0 577.498 0.0486736
RE+4_2_04 30 2 0 0 403.478 0.0340065
RE+4_2_05 11 1 0 0 503.059 0.0423996
RE+4_3_03 19 1 0 0 514.266 0.0260954
RE+4_3_04 19 1 1 0 563.778 0.0286077
RE+4_3_05 25 1 1 0 721.287 0.0366002
RE+4_2_06 11 1 0 0 728.245 0.061379
RE+4_2_07 12 2 2 0 698.976 0.0589122
RE+4_2_08 34 1 1 0 216.625 0.0182579
RE+4_3_06 16 0 0 0 650.212 0.0329937
RE+4_3_07 11 0 0 0 589.909 0.0299337
RE+4_3_08 18 0 0 0 476.935 0.024201
RE+4_2_27 11 0 0 0 708.45 0.0597106
RE+4_2_28 6 2 0 0 838.721 0.0706904
RE+4_2_29 19 0 0 0 725.234 0.0611253
RE+4_3_27 33 0 0 0 1003.1 0.0509001
RE+4_3_28 9 0 0 0 731.387 0.0371127
RE+4_3_29 14 0 0 0 960.764 0.048752
RE+4_2_30 43 0 0 0 472.48 0.0398223
RE+4_2_31 46 0 0 0 202.546 0.0170712
RE+4_2_32 48 0 0 0 304.457 0.0256607
RE+4_3_30 18 0 0 0 446.184 0.0226406
RE+4_3_31 9 0 0 0 664.442 0.0337157
RE+4_3_32 8 0 0 0 730.957 0.0370909
RE+3_2_03 24 0 0 0 151.946 0.0128066
RE+3_2_04 30 0 0 0 230.714 0.0194454
RE+3_2_05 48 0 0 0 76.6162 0.00645748
RE+3_3_03 29 0 0 0 295.214 0.01498
RE+3_3_04 10 0 0 0 436.349 0.0221416
RE+3_3_05 48 8 8 0 108.2 0.00549036
RE+3_2_06 26 0 0 0 182.341 0.0153684
RE+3_2_07 4 0 0 0 544.881 0.0459245
RE+3_2_08 10 1 1 0 287.851 0.0242611
RE+3_3_06 34 1 1 0 188.214 0.0095505
RE+3_3_07 14 0 0 0 285.439 0.014484
RE+3_3_08 5 0 0 0 458.631 0.0232723
RE+3_2_33 19 0 0 0 232.185 0.0195694
RE+3_2_34 26 0 0 0 126.353 0.0106495
RE+3_2_35 27 0 0 0 104.462 0.00880442
RE+3_3_33 32 0 0 0 396.242 0.0201065
RE+3_3_34 73 0 0 0 93.1839 0.00472842
RE+3_3_35 14 0 0 0 553.709 0.0280968
RE+3_2_36 19 0 0 0 175.871 0.0148231
RE+3_2_01 28 0 0 0 142.015 0.0119695
RE+3_2_02 13 0 0 0 220.014 0.0185435
RE+3_3_36 38 0 0 0 274.574 0.0139327
RE+3_3_01 39 0 0 0 197.804 0.0100371
RE+3_3_02 34 0 0 0 183.961 0.00933472
RE+3_2_27 57 0 0 0 66.4231 0.00559837
RE+3_2_28 17 0 0 0 161.095 0.0135776
RE+3_2_29 28 0 0 0 178.112 0.0150119
RE+3_3_27 29 0 0 0 340.687 0.0172875
RE+3_3_28 35 0 0 0 252.022 0.0127883
RE+3_3_29 52 0 0 0 146.918 0.00745504
RE+3_2_30 36 0 0 0 132.73 0.0111869
RE+3_2_31 29 0 0 0 186.088 0.0156842
RE+3_2_32 17 0 0 0 155.522 0.0131079
RE+3_3_30 79 0 0 0 66.2058 0.00335948
RE+3_3_31 73 0 0 0 70.3996 0.00357228
RE+3_3_32 10 0 0 0 655.521 0.033263
