322624  -61885899187
RE-1_2_36 53 0 0 0 79.531 0.00675873
RE-1_2_01 36 0 0 0 120.265 0.0102204
RE-1_2_02 57 0 0 0 781.537 0.0664168
RE-1_3_36 64 0 0 0 171.94 0.00960192
RE-1_3_01 89 0 0 0 33.4203 0.00186634
RE-1_3_02 92 0 0 0 17.9133 0.00100036
RE-2_2_02 28 1 1 0 206.589 0.017412
RE-2_2_03 8 1 1 0 299.721 0.0252615
RE-2_2_04 21 0 0 0 175.176 0.0147644
RE-2_3_02 25 0 0 0 396.321 0.0201105
RE-2_3_03 15 0 0 0 450.044 0.0228366
RE-2_3_04 14 0 0 0 2473.94 0.125535
RE-1_2_03 57 0 0 0 62.9465 0.00534934
RE-1_2_04 54 0 0 0 75.4218 0.00640952
RE-1_2_05 26 0 0 0 169.845 0.0144338
RE-1_3_03 90 0 0 0 35.0629 0.00195807
RE-1_3_04 43 5 5 0 192.032 0.010724
RE-1_3_05 79 0 0 0 106.108 0.00592557
RE-2_2_05 22 0 0 0 206.492 0.0174038
RE-2_2_06 12 2 1 0 360.63 0.0303952
RE-2_2_07 24 0 0 0 182.487 0.0153807
RE-2_3_05 32 0 0 0 356.19 0.0180741
RE-2_3_06 22 1 1 0 311.409 0.0158018
RE-2_3_07 16 2 2 0 332.585 0.0168763
RE-1_2_06 45 0 0 0 86.5686 0.0073568
RE-1_2_07 43 0 0 0 112.248 0.00953907
RE-1_2_08 46 0 0 0 100.576 0.00854721
RE-1_3_06 85 0 0 0 54.3201 0.00303348
RE-1_3_07 74 0 0 0 84.571 0.00472283
RE-1_3_08 93 0 0 0 12.6408 0.000705917
RE-2_2_08 26 1 0 0 245.904 0.0207257
RE-2_2_09 17 0 0 0 278.454 0.0234691
RE-2_2_10 10 1 1 0 230.194 0.0194015
RE-2_3_08 32 0 0 0 224.279 0.0113806
RE-2_3_09 24 0 0 0 325.525 0.0165181
RE-2_3_10 6 0 0 0 388.231 0.0197
RE-1_2_27 50 0 0 0 77.0822 0.00655062
RE-1_2_28 66 1 1 0 45.59 0.00387434
RE-1_2_29 36 0 0 0 101.045 0.00858703
RE-1_3_27 68 0 0 0 80.8243 0.0045136
RE-1_3_28 89 0 0 0 29.6942 0.00165826
RE-1_3_29 55 0 0 0 168.527 0.00941132
RE-2_2_29 17 0 0 0 254.696 0.0214666
RE-2_2_30 19 1 1 0 249.271 0.0210094
RE-2_2_31 28 2 2 0 155.626 0.0131167
RE-2_3_29 56 0 0 0 142.727 0.00724239
RE-2_3_30 17 1 1 0 442.929 0.0224755
RE-2_3_31 27 1 1 0 257.465 0.0130645
RE-1_2_30 58 0 0 0 88.4755 0.00751886
RE-1_2_31 88 2 1 0 17.986 0.00152849
RE-1_2_32 60 2 1 0 66.0292 0.00561131
RE-1_3_30 73 0 0 0 132.779 0.007415
RE-1_3_31 72 0 0 0 78.5869 0.00438865
RE-1_3_32 89 0 0 0 902.423 0.0503955
RE-2_2_32 23 0 0 0 2920.31 0.246134
RE-2_2_33 19 0 0 0 190.966 0.0160953
RE-2_2_34 17 2 2 0 187.846 0.0158323
RE-2_3_32 24 0 0 0 401.939 0.0203955
RE-2_3_33 21 0 0 0 544.467 0.0276278
RE-2_3_34 19 0 0 0 302.014 0.0153251
RE-1_2_33 60 2 2 0 57.6151 0.00489627
RE-1_2_34 32 0 0 0 118.475 0.0100682
RE-1_2_35 13 3 2 0 236.483 0.0200968
RE-1_3_33 86 2 2 0 41.1403 0.00229747
RE-1_3_34 82 0 0 0 87.5624 0.00488989
RE-1_3_35 75 0 0 0 78.048 0.00435856
RE-2_2_35 11 1 0 0 277.428 0.0233826
RE-2_2_36 24 2 1 0 279.415 0.0235501
RE-2_2_01 18 1 0 0 245.9 0.0207253
RE-2_3_35 17 1 1 0 325.432 0.0165134
RE-2_3_36 19 1 0 0 374.573 0.0190069
RE-2_3_01 19 2 2 0 354.069 0.0179665
