W-1_RB4_6+F 59 42.3167 114.153
W-1_RB4_6+F 61 42.3167 154.412
W-1_RB4_6+F 62 42.3167 136.308
W-1_RB4_6+F 64 42.3167 144.472
W-1_RB4_6+F 73 42.3167 87.0999
W-1_RB4_6+F 74 42.3167 83.8613
W-1_RB4_6+F 75 42.3167 75.7941
W-1_RB4_6+F 76 42.3167 73.2562
W-1_RB4_6+F 77 42.3167 87.3549
W-1_RB4_6+F 78 42.3167 81.6206
W-1_RB4_6+F 79 42.3167 90.1033
W-1_RB4_6+F 80 42.3167 95.1172
W-1_RB4_6+F 82 42.3167 114.676
W-1_RB4_6+F 83 42.3167 92.7118
W-1_RB4_6+F 84 42.3167 145.141
W-1_RB4_6+F 85 42.3167 120.634
W-1_RB4_6+F 86 42.3167 95.0149
W-1_RB4_6+F 87 42.3167 92.1914
W-1_RB4_6+F 88 42.3167 85.7153
W-1_RB4_6+F 89 42.3167 91.9514
W-1_RB4_6+F 90 42.3167 81.1557
W-1_RB4_6+F 91 42.3167 78.9279
W-1_RB4_6+F 93 42.3167 65.9232
W-1_RB4_6+B 57 42.4833 85.4021
W-1_RB4_6+B 58 42.4833 86.7054
W-1_RB4_6+B 59 42.4833 94.3756
W-1_RB4_6+B 60 42.4833 84.9867
W-1_RB4_6+B 61 42.4833 84.9073
W-1_RB4_6+B 62 42.4833 90.2779
W-1_RB4_6+B 63 42.4833 89.1212
W-1_RB4_6+B 64 42.4833 87.8069
W-1_RB4_6+B 68 42.4833 147.092
W-1_RB4_6+B 69 42.4833 164.748
W-1_RB4_6+B 74 42.4833 119.146
W-1_RB4_6+B 75 42.4833 111.655
W-1_RB4_6+B 76 42.4833 114.03
W-1_RB4_6+B 77 42.4833 98.5725
W-1_RB4_6+B 78 42.4833 189.413
W-1_RB4_6+B 79 42.4833 184.704
W-1_RB4_6+B 80 42.4833 208.979
W-1_RB4_6+B 81 42.4833 104.946
W-1_RB4_6+B 82 42.4833 104.303
W-1_RB4_6+B 83 42.4833 104.52
W-1_RB4_6+B 84 42.4833 93.7079
W-1_RB4_6+B 85 42.4833 94.8947
W-1_RB4_6+B 86 42.4833 98.1117
W-1_RB4_6+B 87 42.4833 105.82
W-1_RB4_6+B 88 42.4833 100.842
W-1_RB4_6+B 89 42.4833 103.996
W-1_RB4_6+B 90 42.4833 152.911
W-1_RB4_6+B 91 42.4833 215.751
W-1_RB4_6+B 92 42.4833 159.083
W-1_RB4_6+B 93 42.4833 233.237
W-1_RB4_6+B 94 42.4833 193.003
W-1_RB4_6+B 95 42.4833 195.968
W-1_RB4_6+B 96 42.4833 122.832
W+1_RB3_1F 95 37.8333 283.367
W+1_RB4_10-F 3 42.0333 2865.26
W+1_RB4_10-F 4 42.0333 467.843
W+1_RB4_10-F 6 24.95 190.017
W+1_RB4_10-F 7 42.0333 411.184
W+1_RB4_10-F 8 34.4333 174.236
W+1_RB4_10-F 26 15.75 134.492
W+1_RB4_10-F 36 42.0333 1225.25
W+1_RB4_10-F 40 42.0333 694.887
W+1_RB4_10-F 53 39.7833 230.503
W+1_RB4_10-F 58 36.8333 451.102
W+1_RB4_10-F 60 41.15 710.853
W+1_RB4_10-F 67 42.0333 1616.93
W+1_RB4_10-F 68 40.6667 920.475
W+1_RB4_10-F 69 42.0333 2518.19
W+1_RB4_10-F 72 25.4167 156.935
W+1_RB1out_11B 2 43.7833 123.662
W+1_RB2in_4B 5 15.2833 1120.86
W+1_RB2in_4B 7 15.2833 938.499
W+1_RB2in_4B 8 25.6167 1301.46
W+1_RB2in_4B 9 29.8167 1125.58
W+1_RB2in_4B 12 24.9667 929.132
W+1_RB2in_4B 19 32.4833 1058.04
W+1_RB2in_4B 27 24.1833 2020.01
W+1_RB2in_4B 42 30.1833 1018.41
W+1_RB2in_4B 43 15.5333 880.327
W+1_RB2in_4B 44 22.2833 823.928
W+1_RB2in_4B 82 17.8167 2373.91
W+1_RB2in_4B 85 25.6833 3246.63
W+1_RB2in_4B 86 39.0167 4549.89
W+1_RB2in_4B 90 19.3333 772.859
W+1_RB2in_4B 91 19.3833 887.318
W+1_RB1in_6F 66 42.75 4118.64
W+1_RB1in_6F 67 42.75 1479.98
W+1_RB1in_6F 68 42.75 2398.24
W+1_RB1in_6F 69 42.75 1708.42
W+1_RB1in_6F 70 42.75 2307.94
W+1_RB1in_6F 71 42.75 2555.15
W+1_RB1in_6F 72 41.3 460.355
W+1_RB1out_7B 2 44.1833 411.927
W+1_RB4_8+F 1 44.4333 318.931
W+1_RB3_8F 2 44.5333 138.328
W0_RB2in_4F 18 20.6 883.256
W0_RB2in_4F 20 28.9333 2228.8
W0_RB2in_4F 21 21.3167 2347.85
W0_RB2in_4F 22 27.55 1971.25
W0_RB1out_6B 45 30.0167 1268.78
W0_RB3_8B 2 43.2167 223.39
W+2_RB4_1+F 25 37.0167 73.2268
W+2_RB4_1+F 26 37.6667 70.2717
W+2_RB4_1+F 27 22.25 66.2673
W+2_RB4_1+F 28 15.9667 67.0034
W+2_RB4_1+F 31 37.6667 71.6259
W+2_RB4_1+F 32 37.6667 74.8535
W+2_RB4_1+F 33 37.6667 77.1019
W+2_RB4_1+F 41 37.6667 77.2739
W+2_RB4_1+F 42 37.6667 73.4233
W+2_RB4_1+B 13 24.35 70.7619
W+2_RB4_1+B 14 37.8 80.9435
W+2_RB4_1+B 15 37.8 74.9114
W+2_RB4_1+B 16 37.8 91.968
W+2_RB4_1+B 17 37.8 80.4936
W+2_RB4_1+B 18 37.8 81.2738
W+2_RB4_1+B 19 37.8 87.1923
W+2_RB4_1+B 20 33.7833 78.5268
W+2_RB4_1+B 21 36.35 79.4801
W+2_RB4_1+B 22 37.8 86.3588
W+2_RB4_1+B 23 37.8 88.3661
W+2_RB4_1+B 24 37.8 79.4874
W+2_RB4_1+B 25 37.8 93.9068
W+2_RB4_1+B 26 37.8 95.8207
W+2_RB4_1+B 27 37.8 86.3977
W+2_RB4_1+B 28 37.8 84.3194
W+2_RB4_1+B 29 37.8 85.6764
W+2_RB4_1+B 30 37.8 90.4055
W+2_RB4_1+B 31 37.8 99.7189
W+2_RB4_1+B 32 37.8 101.078
W+2_RB4_1+B 33 37.8 94.8642
W+2_RB4_1+B 34 37.8 93.2091
W+2_RB4_1+B 35 37.8 92.7383
W+2_RB4_1+B 36 37.8 90.6264
W+2_RB4_1+B 37 37.8 85.0267
W+2_RB4_1+B 39 37.8 83.2201
W+2_RB4_1+B 40 34.4833 77.1294
W+2_RB4_1+B 41 37.8 95.8698
W+2_RB4_1+B 42 37.8 76.0877
W+2_RB4_1+B 43 37.8 80.081
W+2_RB4_1+B 48 37.8 78.7679
W+2_RB2out_3B 11 15.9333 564.282
W+2_RB2out_3B 39 30.85 462.218
W+2_RB2out_3B 41 16.9167 268.193
W+2_RB2out_3B 44 16.55 352.24
W+2_RB2out_3B 55 31.6667 624.172
W+2_RB2out_3B 68 20.2833 866.306
W+2_RB2out_3B 73 29.7833 787.17
W+2_RB2out_3B 74 34.4833 1344.8
W+2_RB2out_3B 75 33.1167 1292.87
W+2_RB2out_3B 76 33.6833 1233.54
W+2_RB2out_3B 77 36.8167 1353.16
W+2_RB2out_3B 78 33.7667 1320.45
W+2_RB2out_3B 80 29.9833 698.793
W+2_RB2out_3B 91 27.3667 662.987
W+2_RB2out_3B 94 15.9167 366.984
W+2_RB2out_3B 95 24.8667 467.97
W+2_RB2out_3B 96 27.3333 395.559
W+2_RB2in_5B 2 40.8 176.315
W+2_RB3_6F 5 18.8167 438.024
W+2_RB1out_8B 51 44.8 249.379
W+2_RB1out_8B 52 44.8 214.935
W+2_RB1out_8B 54 36.1167 172.042
W-2_RB1out_4B 5 27.2667 197.436
W-2_RB1in_5B 91 35.5833 1860.81
W-2_RB4_8+B 49 44.7167 93.7459
W-2_RB4_3+F 89 40.8833 72.8581
W-2_RB4_3+B 73 41.1 114.991
W-2_RB4_3+B 74 41.1 113.077
W-2_RB4_3+B 75 41.1 115.314
W-2_RB4_3+B 76 41.1 114.544
W-2_RB4_3+B 77 41.1 114.421
W-2_RB4_3+B 78 41.1 114.765
W-2_RB4_3+B 79 41.1 113.426
W-2_RB4_3+B 80 41.1 115.228
W-2_RB4_3+B 81 41.1 108.733
W-2_RB4_3+B 82 41.1 102.003
W-2_RB4_3+B 83 41.1 102.921
W-2_RB4_3+B 84 41.1 102.254
W-2_RB4_3+B 85 41.1 98.0839
W-2_RB4_3+B 86 41.1 97.9069
W-2_RB4_3+B 87 41.1 93.5843
W-2_RB4_3+B 88 41.1 90.3629
W-2_RB4_3+B 89 41.1 94.7252
W-2_RB4_3+B 90 41.1 94.7883
W-2_RB4_3+B 91 41.1 83.3053
W-2_RB4_3+B 92 41.1 72.4394
W-2_RB4_3+B 93 38.25 70.0344
W-2_RB4_3+B 96 41.1 83.5613
W-1_RB4_1+B 1 38.2833 103.493
W-1_RB3_11F 35 19.7 1303.83
W0_RB2out_10B 3 16.0333 265.159
W0_RB2out_10B 7 49.6333 2208.04
W0_RB2out_10B 8 24.3833 301.319
RE-1_2_29 17 18.7 485.853
RE-4_3_26 12 24 441.688
RE-4_2_35 40 38.7167 294.561
RE+4_3_09 14 17.2167 331.118
RE+4_3_22 2 39.2833 593.656
RE+4_3_22 3 41.5333 590.259
RE+4_3_22 4 42.8 718.739
RE+4_3_22 5 42.45 631.606
RE+4_3_22 6 42.8 1030.05
RE+4_3_22 7 21.5167 298.378
RE+4_3_22 8 42.8 959.664
RE+4_2_26 94 43.15 548.529
RE+4_2_08 10 41.4 672.506
