323423  -61885899187
RE+1_2_09 0 0 0 0 42471.4 3.60932
RE+1_2_10 0 0 0 0 69790.8 5.93099
RE+1_2_11 1 2 0 0 25889.2 2.20012
RE+1_3_09 0 0 0 0 28788.8 1.6077
RE+1_3_10 2 0 0 0 25446.2 1.42103
RE+1_3_11 0 0 0 0 33199.4 1.85401
RE+2_2_11 0 0 0 0 95751.2 8.07024
RE+2_2_12 0 0 0 0 101377 8.54438
RE+2_2_13 0 0 0 0 101554 8.55934
RE+2_3_11 0 0 0 0 28786.1 1.46069
RE+2_3_12 0 0 0 0 50990.1 2.58739
RE+2_3_13 0 0 0 0 50354.8 2.55515
RE+1_2_12 0 0 0 0 67748 5.75739
RE+1_2_13 0 0 0 0 55430.8 4.71064
RE+1_2_14 1 0 0 0 87914.8 7.47121
RE+1_3_12 0 0 0 0 21942 1.22534
RE+1_3_13 0 0 0 0 31411.1 1.75414
RE+1_3_14 0 0 0 0 20884.7 1.1663
RE+2_2_14 0 0 0 0 123286 10.391
RE+2_2_15 0 0 0 0 66197.2 5.57933
RE+2_2_16 0 0 0 0 99389.8 8.37692
RE+2_3_14 0 0 0 0 41682.3 2.11508
RE+2_3_15 0 0 0 0 51558.5 2.61623
RE+2_3_16 0 0 0 0 51700.8 2.62345
RE+1_2_15 0 0 0 0 55060.6 4.67918
RE+1_2_16 1 0 0 0 61694.2 5.24292
RE+1_2_17 0 0 0 0 63817.4 5.42335
RE+1_3_15 0 0 0 0 26064.8 1.45558
RE+1_3_16 0 0 0 0 20546 1.14738
RE+1_3_17 0 0 0 0 23330 1.30285
RE+2_2_17 0 0 0 0 100009 8.42912
RE+2_2_18 0 0 0 0 105843 8.92084
RE+2_2_19 0 0 0 0 96410.2 8.12579
RE+2_3_17 0 0 0 0 48330.8 2.45245
RE+2_3_18 1 0 0 0 49629.1 2.51832
RE+2_3_19 0 0 0 0 63696.5 3.23214
RE+1_2_18 1 1 0 0 59636.2 5.06802
RE+1_2_19 0 0 0 0 57787.6 4.91092
RE+1_2_20 0 0 0 0 48821.3 4.14895
RE+1_3_18 0 0 0 0 23438.4 1.30891
RE+1_3_19 0 0 0 0 23035 1.28638
RE+1_3_20 0 0 0 0 31497.8 1.75898
RE+2_2_20 0 0 0 0 93911.3 7.91517
RE+2_2_21 0 0 0 0 107611 9.06982
RE+2_2_22 0 0 0 0 125247 10.5562
RE+2_3_20 0 0 0 0 57715.1 2.92863
RE+2_3_21 0 0 0 0 68407.6 3.4712
RE+2_3_22 0 0 0 0 39403.1 1.99943
RE+1_2_21 0 0 0 0 41068.5 3.4901
RE+1_2_22 0 0 0 0 66984.9 5.69254
RE+1_2_23 0 0 0 0 44427.8 3.77558
RE+1_3_21 0 0 0 0 23978 1.33904
RE+1_3_22 0 0 0 0 15432.1 0.8618
RE+1_3_23 0 0 0 0 19408.5 1.08386
RE+2_2_23 0 0 0 0 86947.5 7.32823
RE+2_2_24 0 0 0 0 95924.5 8.08485
RE+2_2_25 0 0 0 0 94956.4 8.00326
RE+2_3_23 0 0 0 0 39229.1 1.9906
RE+2_3_24 0 0 0 0 60950.2 3.09279
RE+2_3_25 0 0 0 0 37788.3 1.91749
RE+1_2_24 0 0 0 0 56946.3 4.83943
RE+1_2_25 17 0 0 0 59301.2 5.03956
RE+1_2_26 0 0 0 0 58977.7 5.01206
RE+1_3_24 0 0 0 0 15285.1 0.85359
RE+1_3_25 0 0 0 0 14525.8 0.81119
RE+1_3_26 1 0 0 0 16466.9 0.919586
RE+2_2_26 0 0 0 0 98401.6 8.29363
RE+2_2_27 0 0 0 0 62739 5.28787
RE+2_2_28 0 0 0 0 93171.5 7.85282
RE+2_3_26 0 0 0 0 30388.5 1.542
RE+2_3_27 0 0 0 0 50905.5 2.58309
RE+2_3_28 0 0 0 0 62250.4 3.15877
