323423  -61885899187
RE+1_2_36 0 0 0 0 58190 4.94512
RE+1_2_01 0 2 0 0 43924.4 3.7328
RE+1_2_02 0 0 0 0 61302 5.20958
RE+1_3_36 0 0 0 0 18243.6 1.0188
RE+1_3_01 0 0 0 0 23511.7 1.313
RE+1_3_02 0 0 0 0 37104.8 2.0721
RE+2_2_02 0 0 0 0 93443.9 7.87578
RE+2_2_03 0 0 0 0 97255.2 8.19701
RE+2_2_04 1 0 0 0 93893.8 7.91369
RE+2_3_02 0 0 0 0 41491 2.10537
RE+2_3_03 0 0 0 0 45715.6 2.31974
RE+2_3_04 0 0 0 0 46042.5 2.33633
RE+1_2_03 0 0 0 0 43987.5 3.73816
RE+1_2_04 0 1 0 0 82019.5 6.97021
RE+1_2_05 0 0 0 0 39605.4 3.36576
RE+1_3_03 0 0 0 0 22513.8 1.25727
RE+1_3_04 10 0 0 0 28224.6 1.57619
RE+1_3_05 0 0 0 0 32506.2 1.8153
RE+2_2_05 0 0 0 0 104792 8.83222
RE+2_2_06 0 0 0 0 102409 8.6314
RE+2_2_07 0 0 0 0 99721.7 8.40489
RE+2_3_05 0 0 0 0 53133.7 2.69616
RE+2_3_06 0 0 0 0 46650.9 2.3672
RE+2_3_07 0 0 0 0 49503.6 2.51196
RE+1_1_03 0 0 0 0 74993.1 44.215
RE+1_1_04 0 0 0 0 117558 69.3106
RE+1_2_06 8 0 0 0 69254.3 5.8854
RE+1_2_07 0 0 0 0 43120.6 3.66449
RE+1_2_08 0 1 0 0 47915.1 4.07194
RE+1_3_06 0 0 0 0 26953.8 1.50522
RE+1_3_07 0 0 0 0 36175.3 2.0202
RE+1_3_08 0 0 0 0 28649.4 1.59992
RE+1_1_01 0 0 0 0 257153 151.614
RE+1_1_02 1 1 0 0 92535.6 54.5578
RE+2_2_08 0 0 0 0 98597.6 8.31015
RE+2_2_09 0 0 0 0 101207 8.53009
RE+2_2_10 0 0 0 0 116836 9.84735
RE+2_3_08 2 0 0 0 44567.1 2.26146
RE+2_3_09 0 0 0 0 53948 2.73748
RE+2_3_10 0 0 0 0 52928.8 2.68576
RE+1_2_27 0 0 0 0 56195.8 4.77565
RE+1_2_28 0 0 0 0 51857.2 4.40695
RE+1_2_29 0 4 0 0 64438.3 5.47612
RE+1_3_27 0 0 0 0 11611.2 0.648422
RE+1_3_28 0 0 0 0 10282.3 0.57421
RE+1_3_29 0 4 0 0 20052.8 1.11984
RE+2_2_29 0 0 0 0 93991.9 7.92196
RE+2_2_30 0 0 0 0 111922 9.43315
RE+2_2_31 0 0 0 0 99555.3 8.39087
RE+2_3_29 0 0 0 0 31146 1.58044
RE+2_3_30 0 0 0 0 71195.8 3.61268
RE+2_3_31 0 0 0 0 56406.7 2.86224
RE+1_2_30 0 0 0 0 43534 3.69962
RE+1_2_31 0 0 0 0 50727.1 4.31091
RE+1_2_32 0 0 0 0 28174.3 2.39431
RE+1_3_30 0 0 0 0 12984.1 0.725094
RE+1_3_31 0 0 0 0 10839.2 0.605311
RE+1_3_32 0 0 0 0 20310.5 1.13423
RE+2_2_32 0 0 0 0 87196.1 7.34919
RE+2_2_33 0 0 0 0 105047 8.85371
RE+2_2_34 0 0 0 0 99920.6 8.42165
RE+2_3_32 0 0 0 0 54242.1 2.7524
RE+2_3_33 0 0 0 0 30468.5 1.54606
RE+2_3_34 0 0 0 0 43314.4 2.1979
RE+1_2_33 0 0 0 0 56689.3 4.81759
RE+1_2_34 2 1 0 0 73581 6.25309
RE+1_2_35 93 1 3 0 0 0
RE+1_3_33 0 0 0 0 38065.2 2.12574
RE+1_3_34 0 0 0 0 17135.9 0.956947
RE+1_3_35 0 0 0 0 18837.7 1.05199
RE+2_2_35 0 0 0 0 95975.8 8.08918
RE+2_2_36 0 0 0 0 70858.2 5.97218
RE+2_2_01 1 1 0 0 72034 6.07128
RE+2_3_35 0 0 0 0 46268.9 2.34782
RE+2_3_36 0 0 0 0 38452.8 1.95121
RE+2_3_01 1 0 0 0 40312 2.04555
