323423  -61885899187
W0_RB4_1+F 32 42 27 0 0 0
W0_RB3_1F 1 0 0 0 16634.7 0.897736
W0_RB4_1+B 43 14 6 0 0 0
W0_RB3_1B 0 0 0 0 7790.46 0.450285
W0_RB2in_1F 0 0 0 0 14063.2 0.665569
W0_RB2in_1C 0 1 1 0 8784.57 0.446117
W0_RB2in_1B 0 1 0 0 8015.73 0.420305
W0_RB2out_1F 0 0 0 0 15706.1 0.505839
W0_RB1out_1F 0 0 0 0 27586.7 1.06962
W0_RB1in_1F 0 0 0 0 29105.3 1.1285
W0_RB2out_1B 0 1 0 0 6602.07 0.227727
W0_RB1out_1B 0 0 0 0 24183.6 1.00425
W0_RB1in_1B 0 1 0 0 23244 0.965228
W0_RB4_2+F 0 0 0 0 313685 12.6539
W0_RB3_2F 0 0 0 0 33413.6 1.80326
W0_RB4_2+B 1 0 0 0 226816 9.79927
W0_RB3_2B 2 0 0 0 26325.1 1.52158
W0_RB2in_2F 0 0 0 0 14676.2 0.694581
W0_RB2in_2C 0 0 0 0 26333.2 1.33731
W0_RB2in_2B 0 2 1 0 13181.2 0.691156
W0_RB2out_2F 0 0 0 0 31034 0.999499
W0_RB1out_2F 0 0 0 0 59319.7 2.3
W0_RB1in_2F 0 0 0 0 61097.8 2.36894
W0_RB2out_2B 0 0 0 0 30492.5 1.05178
W0_RB1out_2B 0 0 0 0 39600.3 1.64443
W0_RB1in_2B 0 1 0 0 34168 1.41885
W0_RB4_3+F 0 0 0 0 354282 14.2915
W0_RB3_3F 6 8 0 0 10933.8 0.590073
W0_RB4_3+B 0 1 0 0 340065 14.6921
W0_RB3_3B 0 0 0 0 13587.1 0.785326
W0_RB2in_3F 1 8 0 0 19267.7 0.91188
W0_RB2in_3C 0 0 0 0 23658.2 1.20146
W0_RB2in_3B 8 0 0 0 22182.1 1.16312
W0_RB2out_3F 1 0 0 0 14859.6 0.478576
W0_RB1out_3F 0 0 0 0 40207.4 1.55896
W0_RB1in_3F 0 0 0 0 41626.5 1.61398
W0_RB2out_3B 0 0 0 0 23895.5 0.824232
W0_RB1out_3B 1 0 0 0 34133.2 1.41741
W0_RB1in_3B 0 0 0 0 41704.1 1.7318
W0_RB4_10-F 0 1 0 0 6757.41 0.217633
W0_RB4_10+F 1 13 1 0 4806.63 0.154805
W0_RB3_10F 1 0 0 0 11452.1 0.618042
W0_RB4_10-B 0 0 0 0 7894.87 0.27232
W0_RB4_10+B 0 0 0 0 6551.19 0.225972
W0_RB3_10B 0 1 0 0 7241.63 0.418562
W0_RB2in_10F 6 0 0 0 11839.7 0.560337
W0_RB2in_10C 0 0 0 0 12255.4 0.622378
W0_RB2in_10B 0 0 0 0 10501.9 0.55067
W0_RB2out_10F 6 0 0 0 21979.9 0.707895
W0_RB1out_10F 0 0 0 0 32405.8 1.25647
W0_RB1in_10F 0 0 0 0 38957.7 1.5105
W0_RB2out_10B 0 0 0 3 395658 13.6475
W0_RB1out_10B 0 0 0 0 34366.8 1.42711
W0_RB1in_10B 0 0 0 0 33237.5 1.38022
W0_RB4_11F 0 0 0 0 7545.13 0.304367
W0_RB3_11F 1 14 0 0 6815.72 0.367829
W0_RB4_11B 0 5 4 0 6252.88 0.270147
W0_RB3_11B 0 0 0 0 6819.46 0.394161
W0_RB2in_11F 0 0 0 0 21649.1 1.02459
W0_RB2in_11C 0 0 0 0 12219.2 0.620543
W0_RB2in_11B 0 0 0 0 9025.25 0.47324
W0_RB2out_11F 0 0 0 0 25008.4 0.805434
W0_RB1out_11F 0 0 0 0 55275.1 2.14318
W0_RB1in_11F 0 0 0 0 59176.5 2.29445
W0_RB2out_11B 0 0 0 0 24746.3 0.853581
W0_RB1out_11B 0 0 0 0 43638.6 1.81213
W0_RB1in_11B 0 0 0 0 65891.5 2.7362
W0_RB4_12+F 0 2 0 0 96624.7 3.89779
W0_RB3_12F 0 1 0 0 11315.3 0.610662
W0_RB4_12+B 0 2 0 0 102379 4.42315
W0_RB3_12B 2 0 0 0 27991.6 1.6179
W0_RB2in_12F 0 1 0 0 12369.7 0.585419
W0_RB2in_12C 0 1 0 0 19721.3 1.00153
W0_RB2in_12B 0 1 0 0 10326.9 0.541493
W0_RB2out_12F 0 0 0 0 22076.8 0.711016
W0_RB1out_12F 0 0 0 0 32886.3 1.2751
W0_RB1in_12F 0 0 0 0 46061.2 1.78593
W0_RB2out_12B 0 0 0 0 19916.5 0.686986
W0_RB1out_12B 0 0 0 0 23593.5 0.97974
W0_RB1in_12B 0 0 0 0 43620.9 1.81139
