323423  -61885899187
RE-4_2_09 0 1 0 0 206057 17.3672
RE-4_2_10 0 0 0 0 258451 21.7832
RE-4_2_11 0 1 0 0 216067 18.2109
RE-4_3_09 0 0 0 0 303136 15.382
RE-4_3_10 0 0 0 0 325753 16.5296
RE-4_3_11 0 0 0 0 161070 8.17315
RE-4_2_12 0 0 0 0 224578 18.9282
RE-4_2_13 0 5 0 0 209772 17.6803
RE-4_2_14 0 0 0 0 179960 15.1676
RE-4_3_12 0 0 0 0 278246 14.119
RE-4_3_13 0 0 0 0 228993 11.6198
RE-4_3_14 0 0 0 0 219817 11.1541
RE-4_2_15 0 2 0 0 188955 15.9258
RE-4_2_16 0 1 0 0 200084 16.8637
RE-4_2_17 0 0 0 0 201645 16.9954
RE-4_3_15 0 1 0 0 175631 8.91201
RE-4_3_16 0 0 0 0 215426 10.9313
RE-4_3_17 0 0 0 0 238411 12.0977
RE-4_2_18 0 2 0 0 163768 13.803
RE-4_2_19 0 2 0 0 168365 14.1904
RE-4_2_20 0 1 0 0 207545 17.4926
RE-4_3_18 0 0 0 0 204031 10.3531
RE-4_3_19 0 0 0 0 254187 12.8982
RE-4_3_20 0 2 0 0 239509 12.1534
RE-4_2_21 0 2 0 0 147512 12.4328
RE-4_2_22 0 2 0 0 86999.2 7.3326
RE-4_2_23 0 1 0 0 131484 11.0819
RE-4_3_21 0 0 0 0 118195 5.99754
RE-4_3_22 0 1 0 0 189399 9.61064
RE-4_3_23 0 1 0 0 153300 7.77887
RE-4_2_24 0 0 0 0 151649 12.7815
RE-4_2_25 0 0 0 0 170609 14.3795
RE-4_2_26 0 1 0 0 187482 15.8016
RE-4_3_24 0 1 0 0 136760 6.9396
RE-4_3_25 0 0 0 0 113847 5.77693
RE-4_3_26 0 4 0 1 211622 10.7383
RE-3_2_09 1 1 0 0 112756 9.50345
RE-3_2_10 0 0 0 0 111694 9.41392
RE-3_2_11 0 1 0 0 100867 8.50138
RE-3_3_09 0 0 0 0 85124.4 4.31946
RE-3_3_10 0 0 0 0 87850.5 4.45779
RE-3_3_11 0 1 0 0 90914.5 4.61326
RE-3_2_12 0 0 0 0 109476 9.22706
RE-3_2_13 0 0 0 0 122044 10.2863
RE-3_2_14 0 0 0 0 102815 8.66557
RE-3_3_12 0 0 0 0 79317.3 4.02479
RE-3_3_13 0 0 0 0 75527.5 3.83248
RE-3_3_14 0 0 0 0 71128.2 3.60925
RE-3_2_15 0 0 0 0 97304 8.20112
RE-3_2_16 0 0 0 0 84086.1 7.08707
RE-3_2_17 0 0 0 0 74751.3 6.3003
RE-3_3_15 0 0 0 0 83157 4.21963
RE-3_3_16 0 0 0 0 81262.6 4.1235
RE-3_3_17 1 0 0 0 65761.9 3.33695
RE-3_2_18 0 0 0 0 85323.9 7.1914
RE-3_2_19 0 0 0 0 107835 9.08875
RE-3_2_20 2 0 0 0 73434.6 6.18933
RE-3_3_18 0 0 0 0 74273.7 3.76886
RE-3_3_19 16 0 0 0 55106.3 2.79625
RE-3_3_20 0 0 0 0 61989.6 3.14553
RE-3_2_21 0 0 0 0 108063 9.10793
RE-3_2_22 0 0 0 0 121689 10.2564
RE-3_2_23 0 0 0 0 115046 9.69651
RE-3_3_21 0 0 0 0 62168.5 3.15461
RE-3_3_22 0 0 0 0 58209.7 2.95373
RE-3_3_23 1 0 0 0 44691.6 2.26778
RE-3_2_24 0 0 0 0 89866.2 7.57423
RE-3_2_25 0 0 0 0 86658.9 7.30392
RE-3_2_26 0 0 0 0 105707 8.90937
RE-3_3_24 0 0 0 0 48666.5 2.46948
RE-3_3_25 0 0 0 0 38966.8 1.97729
RE-3_3_26 0 0 0 0 56202.2 2.85186
