323423  -61885899187
RE+4_2_33 0 0 0 0 128113 10.7978
RE+4_2_34 0 1 0 0 164105 13.8313
RE+4_2_35 0 2 0 0 192176 16.1973
RE+4_3_33 0 0 0 0 147158 7.46724
RE+4_3_34 0 0 0 0 184765 9.37552
RE+4_3_35 0 1 0 0 191906 9.73788
RE+4_2_36 0 1 0 0 153045 12.8992
RE+4_2_01 0 1 0 0 200208 16.8742
RE+4_2_02 0 1 0 0 210364 17.7302
RE+4_3_36 0 0 0 0 205515 10.4284
RE+4_3_01 0 0 0 0 226454 11.491
RE+4_3_02 0 9 0 0 208633 10.5866
RE+4_2_03 0 0 0 0 154301 13.005
RE+4_2_04 0 2 0 0 188970 15.9271
RE+4_2_05 0 1 0 0 160758 13.5492
RE+4_3_03 0 1 0 0 208745 10.5923
RE+4_3_04 0 1 0 0 236570 12.0042
RE+4_3_05 0 1 0 0 223679 11.3501
RE+4_2_06 0 1 0 0 149140 12.57
RE+4_2_07 0 2 0 0 160657 13.5407
RE+4_2_08 0 1 0 1 333587 28.1158
RE+4_3_06 0 0 0 0 252262 12.8005
RE+4_3_07 0 0 0 0 283742 14.3979
RE+4_3_08 0 0 0 0 304131 15.4325
RE+4_2_27 0 0 0 0 207033 17.4495
RE+4_2_28 0 2 0 0 169191 14.26
RE+4_2_29 0 0 0 0 203979 17.1921
RE+4_3_27 0 0 0 0 176313 8.94663
RE+4_3_28 0 0 0 0 182081 9.23932
RE+4_3_29 0 0 0 0 183306 9.30148
RE+4_2_30 0 0 0 0 204768 17.2586
RE+4_2_31 0 0 0 0 175980 14.8322
RE+4_2_32 0 0 0 0 96651.2 8.1461
RE+4_3_30 0 0 0 0 182544 9.26281
RE+4_3_31 0 0 0 0 113818 5.77547
RE+4_3_32 0 0 0 0 106712 5.41489
RE+3_2_03 0 0 0 0 116731 9.83847
RE+3_2_04 0 0 0 0 70640.2 5.9538
RE+3_2_05 0 0 0 0 65071.9 5.48449
RE+3_3_03 0 0 0 0 96166.7 4.87978
RE+3_3_04 0 0 0 0 101827 5.16698
RE+3_3_05 0 8 0 0 87202.5 4.42491
RE+3_2_06 0 0 0 0 111008 9.35615
RE+3_2_07 0 0 0 0 98354.9 8.2897
RE+3_2_08 0 1 0 0 109342 9.21572
RE+3_3_06 0 1 0 0 70307.6 3.56761
RE+3_3_07 0 0 0 0 105120 5.33411
RE+3_3_08 0 0 0 0 107385 5.44905
RE+3_2_33 0 0 0 0 106888 9.00893
RE+3_2_34 0 0 0 0 117947 9.94098
RE+3_2_35 0 0 0 0 101856 8.58479
RE+3_3_33 0 0 0 0 40512.3 2.05571
RE+3_3_34 0 0 0 0 66331.4 3.36585
RE+3_3_35 0 0 0 0 88176.6 4.47434
RE+3_2_36 0 0 0 0 106872 9.00753
RE+3_2_01 0 0 0 0 100105 8.43723
RE+3_2_02 0 0 0 0 110880 9.34539
RE+3_3_36 0 0 0 0 44253.2 2.24553
RE+3_3_01 0 0 0 0 81336 4.12722
RE+3_3_02 0 0 0 0 92445.3 4.69094
RE+3_2_27 0 0 0 0 93973.3 7.9204
RE+3_2_28 0 0 0 0 119094 10.0376
RE+3_2_29 0 0 0 0 118685 10.0032
RE+3_3_27 0 0 0 0 55172.7 2.79962
RE+3_3_28 0 0 0 0 62980.7 3.19582
RE+3_3_29 1 0 0 0 31128.5 1.57955
RE+3_2_30 0 0 0 0 83197.3 7.01216
RE+3_2_31 0 0 0 0 100732 8.49009
RE+3_2_32 0 0 0 0 107355 9.04827
RE+3_3_30 0 0 0 0 57022 2.89346
RE+3_3_31 0 0 0 0 35443.8 1.79852
RE+3_3_32 0 0 0 0 56128.7 2.84813
