323423  -61885899187
W+2_RB4_1+F 0 1 0 9 1.19644e+06 48.2637
W+2_RB3_1F 1 0 0 0 46544 2.51187
W+2_RB4_1+B 0 0 0 31 1.70098e+06 73.4885
W+2_RB3_1B 0 0 0 0 187544 10.8399
W+2_RB2out_1F 0 1 0 0 36447.7 1.72496
W+2_RB2out_1C 14 0 0 0 23980.5 1.21783
W+2_RB2out_1B 0 1 0 0 33963.9 1.7809
W+2_RB2in_1F 0 0 0 0 42162.8 1.35792
W+2_RB1out_1F 0 0 0 0 105045 4.07289
W+2_RB1in_1F 0 2 0 0 352838 13.6805
W+2_RB2in_1B 0 0 0 0 43399.3 1.49698
W+2_RB1out_1B 0 1 0 0 91344.7 3.79316
W+2_RB1in_1B 0 1 0 0 347024 14.4105
W+2_RB4_2+F 0 0 0 0 505632 20.397
W+2_RB3_2F 0 0 0 0 25475.6 1.37486
W+2_RB4_2+B 0 0 0 0 514291 22.2193
W+2_RB3_2B 0 0 0 0 21145.8 1.22222
W+2_RB2out_2F 0 0 0 0 47206.2 2.23413
W+2_RB2out_2C 0 0 0 0 57188.4 2.90426
W+2_RB2out_2B 0 0 0 0 51758.7 2.71397
W+2_RB2in_2F 0 0 0 0 70604.4 2.27392
W+2_RB1out_2F 0 0 0 0 219864 8.52477
W+2_RB1in_2F 0 0 0 0 274441 10.6409
W+2_RB2in_2B 0 1 0 0 47544 1.63995
W+2_RB1out_2B 0 0 0 0 97463.1 4.04723
W+2_RB1in_2B 0 0 0 0 323663 13.4404
W+2_RB4_3+F 0 0 0 0 498356 20.1034
W+2_RB3_3F 0 0 0 0 21887.6 1.18122
W+2_RB4_3+B 0 0 0 0 440546 19.0332
W+2_RB3_3B 0 0 0 0 14468.9 0.836297
W+2_RB2out_3F 0 0 0 0 104568 4.94889
W+2_RB2out_3C 0 0 0 0 103373 5.24972
W+2_RB2out_3B 0 12 0 17 1.28728e+06 67.4989
W+2_RB2in_3F 0 0 0 0 75614.2 2.43527
W+2_RB1out_3F 0 0 0 0 188466 7.30739
W+2_RB1in_3F 0 1 0 0 338328 13.118
W+2_RB2in_3B 0 0 0 0 42439.5 1.46387
W+2_RB1out_3B 0 1 0 0 198597 8.24689
W+2_RB1in_3B 0 0 0 0 223282 9.27197
W+2_RB4_10-F 0 0 0 0 5299.61 0.170682
W+2_RB4_10+F 0 0 0 0 16562.4 0.533419
W+2_RB3_10F 0 0 0 0 13360 0.721008
W+2_RB4_10-B 3 0 0 0 3604.7 0.124338
W+2_RB4_10+B 0 0 0 0 12230.9 0.421883
W+2_RB3_10B 0 0 0 0 11269.3 0.651361
W+2_RB2out_10F 6 0 0 0 37756.7 1.78691
W+2_RB2out_10C 0 0 0 0 42263.5 2.14631
W+2_RB2out_10B 0 0 0 0 30123.9 1.57955
W+2_RB2in_10F 0 1 0 0 86112.8 2.77339
W+2_RB1out_10F 0 0 0 0 156208 6.05663
W+2_RB1in_10F 0 0 0 0 336788 13.0583
W+2_RB2in_10B 1 1 0 0 67241.1 2.31936
W+2_RB1out_10B 0 0 0 0 147686 6.13277
W+2_RB1in_10B 0 0 0 0 285930 11.8735
W+2_RB4_11F 1 4 4 0 13484.2 0.543946
W+2_RB3_11F 0 0 42 0 9434.8 0.509174
W+2_RB4_11B 2 0 0 0 9096.77 0.393013
W+2_RB3_11B 32 1 11 0 2958.88 0.171022
W+2_RB2out_11F 0 0 0 0 42169 1.99573
W+2_RB2out_11C 0 0 0 0 45174 2.29412
W+2_RB2out_11B 0 0 0 0 28976.5 1.51939
W+2_RB2in_11F 0 0 0 0 49754.4 1.60242
W+2_RB1out_11F 1 1 0 0 81197 3.14825
W+2_RB1in_11F 0 0 0 0 346203 13.4233
W+2_RB2in_11B 0 1 0 0 36901.5 1.27285
W+2_RB1out_11B 0 0 0 0 82113.7 3.40984
W+2_RB1in_11B 0 0 0 0 325010 13.4963
W+2_RB4_12+F 0 4 0 0 155602 6.27692
W+2_RB3_12F 0 29 28 0 5292.08 0.285602
W+2_RB4_12+B 0 1 0 0 203870 8.80792
W+2_RB3_12B 7 23 14 0 3952.19 0.228434
W+2_RB2out_12F 0 0 0 0 57526.9 2.72258
W+2_RB2out_12C 1 1 0 0 51586.3 2.61976
W+2_RB2out_12B 0 1 0 0 36791.4 1.92916
W+2_RB2in_12F 0 1 0 0 44151.5 1.42197
W+2_RB1out_12F 4 0 0 0 2701.89 0.10476
W+2_RB1in_12F 0 0 0 0 237692 9.216
W+2_RB2in_12B 0 1 0 0 40447.5 1.39516
W+2_RB1out_12B 0 0 0 0 107829 4.47767
W+2_RB1in_12B 5 1 1 0 3896.23 0.161794
