323423  -61885899187
RE-1_2_09 0 0 0 0 48965.3 4.16118
RE-1_2_10 0 0 0 0 66166.4 5.62297
RE-1_2_11 0 0 0 0 47744.4 4.05743
RE-1_3_09 0 0 0 0 23810.2 1.32967
RE-1_3_10 10 24 0 0 14703.5 0.821111
RE-1_3_11 0 0 0 0 16045.2 0.896038
RE-2_2_11 0 0 0 0 100266 8.45077
RE-2_2_12 0 0 0 0 93230.9 7.85783
RE-2_2_13 0 1 0 0 99566.8 8.39184
RE-2_3_11 0 0 0 0 55159.3 2.79894
RE-2_3_12 0 0 0 0 44719.7 2.26921
RE-2_3_13 1 1 0 0 48416.3 2.45678
RE-1_2_12 3 0 0 0 66206.6 5.62639
RE-1_2_13 0 0 0 0 44977.9 3.82232
RE-1_2_14 0 0 0 0 72698.3 6.17807
RE-1_3_12 0 0 0 0 16998.8 0.949291
RE-1_3_13 0 0 0 0 20696.9 1.15581
RE-1_3_14 0 0 0 0 18354.4 1.02499
RE-2_2_14 0 1 0 0 120873 10.1876
RE-2_2_15 0 2 0 0 94339.9 7.95129
RE-2_2_16 0 1 0 0 111716 9.41581
RE-2_3_14 0 0 0 0 36672.4 1.86086
RE-2_3_15 0 0 0 0 42112.3 2.1369
RE-2_3_16 0 0 0 0 39490.6 2.00387
RE-1_2_15 0 0 0 0 59102.8 5.0227
RE-1_2_16 0 0 0 0 72080.3 6.12555
RE-1_2_17 0 0 0 0 49115.7 4.17397
RE-1_3_15 0 0 0 0 18226.2 1.01783
RE-1_3_16 0 0 0 0 91577 5.11408
RE-1_3_17 0 0 0 0 33396.5 1.86501
RE-2_2_17 0 0 0 0 108791 9.16933
RE-2_2_18 0 0 0 0 104957 8.84613
RE-2_2_19 0 1 0 0 114859 9.68075
RE-2_3_17 0 0 0 0 63939.7 3.24449
RE-2_3_18 0 1 0 0 42833.4 2.17349
RE-2_3_19 0 0 0 0 56141.5 2.84878
RE-1_2_18 0 0 0 0 59907.4 5.09107
RE-1_2_19 0 0 0 0 54183.7 4.60466
RE-1_2_20 0 0 0 0 52732.9 4.48137
RE-1_3_18 0 0 0 0 23459.3 1.31008
RE-1_3_19 0 0 0 0 22082.7 1.2332
RE-1_3_20 0 0 0 0 44866.3 2.50554
RE-2_2_20 1 0 0 0 111456 9.39392
RE-2_2_21 0 1 0 0 114659 9.66389
RE-2_2_22 0 1 0 0 118050 9.94963
RE-2_3_20 0 0 0 0 57843.8 2.93516
RE-2_3_21 0 0 0 0 53333.4 2.70629
RE-2_3_22 0 0 0 0 46265.5 2.34764
RE-1_2_21 0 0 0 0 50795.9 4.31675
RE-1_2_22 0 0 0 0 62077.6 5.2755
RE-1_2_23 0 0 0 0 43299.1 3.67966
RE-1_3_21 1 0 0 0 32031 1.78876
RE-1_3_22 0 0 0 0 15550.4 0.868403
RE-1_3_23 0 0 0 0 15024.6 0.839043
RE-2_2_23 1 1 0 0 100979 8.51086
RE-2_2_24 0 0 0 0 115562 9.73997
RE-2_2_25 0 1 0 0 116588 9.82647
RE-2_3_23 0 1 0 0 55315 2.80684
RE-2_3_24 0 0 0 0 41720.8 2.11703
RE-2_3_25 0 0 0 0 39247.2 1.99152
RE-1_2_24 0 0 0 0 54687.9 4.6475
RE-1_2_25 1 0 0 0 44358.1 3.76965
RE-1_2_26 1 0 0 0 55332.1 4.70226
RE-1_3_24 0 0 0 0 15132.9 0.845089
RE-1_3_25 0 0 0 0 10299.3 0.575161
RE-1_3_26 0 0 0 0 13657.8 0.762716
RE-2_2_26 0 1 0 0 118182 9.96081
RE-2_2_27 0 0 0 0 109072 9.19299
RE-2_2_28 2 0 0 0 118139 9.95717
RE-2_3_26 0 0 0 0 47845 2.42779
RE-2_3_27 0 0 0 0 16548.5 0.839717
RE-2_3_28 0 0 0 0 32942.5 1.6716
