323423  -61885899187
RE-1_2_36 0 0 0 0 61861.4 5.25713
RE-1_2_01 0 0 0 0 53734.1 4.56645
RE-1_2_02 0 0 0 0 63350.2 5.38365
RE-1_3_36 0 0 0 0 19051.7 1.06393
RE-1_3_01 0 0 0 0 30707.6 1.71485
RE-1_3_02 0 0 0 0 26770.6 1.49499
RE-2_2_02 0 1 0 0 112194 9.45606
RE-2_2_03 0 1 0 0 123321 10.3939
RE-2_2_04 0 0 0 0 72978.3 6.15087
RE-2_3_02 0 0 0 0 57221.6 2.90359
RE-2_3_03 0 0 0 0 54229.8 2.75178
RE-2_3_04 0 0 0 0 69577.2 3.53055
RE-1_2_03 0 0 0 0 51987.1 4.41799
RE-1_2_04 0 0 0 0 67869.6 5.76772
RE-1_2_05 0 0 0 0 45544.5 3.87047
RE-1_3_03 0 0 0 0 18540.3 1.03538
RE-1_3_04 0 5 0 0 98229.2 5.48557
RE-1_3_05 0 0 0 0 18773.5 1.0484
RE-2_2_05 0 0 0 0 105324 8.87704
RE-2_2_06 0 2 0 0 86277.6 7.27178
RE-2_2_07 0 0 0 0 104962 8.8466
RE-2_3_05 0 0 0 0 58210 2.95375
RE-2_3_06 0 1 0 0 56113.1 2.84734
RE-2_3_07 0 2 0 0 56911.4 2.88785
RE-1_2_06 0 0 0 0 65877.5 5.59843
RE-1_2_07 0 0 0 0 46336.8 3.93781
RE-1_2_08 0 0 0 0 66978.9 5.69203
RE-1_3_06 0 0 0 0 20607.8 1.15083
RE-1_3_07 0 0 0 0 19780.3 1.10462
RE-1_3_08 0 0 0 0 20257.1 1.13125
RE-2_2_08 0 1 0 0 111175 9.37019
RE-2_2_09 0 0 0 0 128426 10.8242
RE-2_2_10 0 1 0 0 118735 10.0074
RE-2_3_08 0 0 0 0 40820.2 2.07134
RE-2_3_09 0 0 0 0 55784.3 2.83066
RE-2_3_10 0 0 0 0 65058.3 3.30125
RE-1_2_27 0 0 0 0 45529.1 3.86917
RE-1_2_28 0 1 0 0 43771.6 3.71981
RE-1_2_29 1 0 0 1 70644.6 6.00355
RE-1_3_27 0 0 0 0 10524.1 0.587715
RE-1_3_28 0 0 0 0 8514.53 0.47549
RE-1_3_29 0 0 0 0 11764.5 0.656986
RE-2_2_29 0 0 0 0 131475 11.0811
RE-2_2_30 0 1 0 0 107986 9.10144
RE-2_2_31 0 2 0 0 125219 10.5539
RE-2_3_29 0 0 0 0 37401.7 1.89787
RE-2_3_30 0 1 0 0 42705.6 2.16701
RE-2_3_31 0 1 0 0 48231.7 2.44742
RE-1_2_30 0 0 0 0 85289.5 7.2481
RE-1_2_31 0 2 0 0 25069.1 2.13043
RE-1_2_32 0 2 0 0 50723.6 4.31061
RE-1_3_30 0 0 0 0 16499.2 0.921389
RE-1_3_31 1 0 0 0 14317 0.799525
RE-1_3_32 8 0 0 0 12582.7 0.702678
RE-2_2_32 4 0 0 0 110070 9.27708
RE-2_2_33 0 0 0 0 105901 8.92568
RE-2_2_34 1 2 0 0 95456.7 8.04542
RE-2_3_32 4 0 0 0 36546.2 1.85446
RE-2_3_33 4 0 0 0 46677.6 2.36856
RE-2_3_34 0 0 0 0 66261.5 3.3623
RE-1_2_33 0 2 0 0 49521.1 4.20842
RE-1_2_34 0 0 0 0 75745.7 6.43705
RE-1_2_35 0 3 0 0 46203.1 3.92645
RE-1_3_33 0 2 0 0 129668 7.24124
RE-1_3_34 0 0 0 0 12029.7 0.671794
RE-1_3_35 0 0 0 0 15239.2 0.851026
RE-2_2_35 0 1 0 0 110736 9.33322
RE-2_2_36 0 2 0 0 92608.7 7.80538
RE-2_2_01 0 1 0 0 121989 10.2816
RE-2_3_35 0 1 0 0 75725.7 3.84254
RE-2_3_36 0 1 0 0 42671.1 2.16525
RE-2_3_01 0 2 0 0 60002.4 3.0447
