323423  -61885899187
W+1_RB4_1+F 3 0 0 0 268169 10.8178
W+1_RB3_1F 1 0 0 1 131397 7.09119
W+1_RB4_1+B 1 0 0 0 357606 15.4499
W+1_RB3_1B 0 0 0 0 10571.9 0.611049
W+1_RB2in_1F 0 0 0 0 167782 7.94059
W+1_RB2in_1C 0 0 0 0 324638 16.4865
W+1_RB2in_1B 0 0 0 0 10614.6 0.556577
W+1_RB2out_1F 0 0 0 0 28116 0.905518
W+1_RB1out_1F 2 0 0 0 85714.4 3.3234
W+1_RB1in_1F 0 1 0 0 81728.3 3.16885
W+1_RB2out_1B 2 0 0 0 18544.5 0.639659
W+1_RB1out_1B 3 12 12 0 58082.7 2.41193
W+1_RB1in_1B 1 16 0 0 49172.3 2.04192
W+1_RB4_2+F 1 0 0 0 311742 12.5755
W+1_RB3_2F 0 0 0 0 29879.8 1.61254
W+1_RB4_2+B 0 0 0 0 346106 14.953
W+1_RB3_2B 0 0 0 0 42423.1 2.45203
W+1_RB2in_2F 1 0 0 0 30409.6 1.43919
W+1_RB2in_2C 0 0 0 0 26614.2 1.35158
W+1_RB2in_2B 0 4 0 0 15256.3 0.799966
W+1_RB2out_2F 0 0 0 0 46281.3 1.49056
W+1_RB1out_2F 0 0 0 0 132367 5.13226
W+1_RB1in_2F 0 0 0 0 221444 8.58603
W+1_RB2out_2B 2 0 0 0 54833.1 1.89137
W+1_RB1out_2B 1 0 0 0 72515.1 3.01125
W+1_RB1in_2B 0 0 0 0 121044 5.02643
W+1_RB4_3+F 1 0 0 0 541278 21.8349
W+1_RB3_3F 0 0 0 0 17852.5 0.96346
W+1_RB4_3+B 1 1 0 0 523529 22.6184
W+1_RB3_3B 0 0 0 0 16360.3 0.945617
W+1_RB2in_3F 0 0 0 0 47694.1 2.25722
W+1_RB2in_3C 0 1 0 0 52831.4 2.68299
W+1_RB2in_3B 0 0 0 0 34680.1 1.81845
W+1_RB2out_3F 0 0 0 0 46738.3 1.50528
W+1_RB1out_3F 0 0 0 0 54289.2 2.10495
W+1_RB1in_3F 0 0 0 0 136998 5.31182
W+1_RB2out_3B 0 0 0 0 16394.3 0.565491
W+1_RB1out_3B 0 0 0 0 25608.1 1.0634
W+1_RB1in_3B 2 0 0 0 65216.1 2.70815
W+1_RB4_10-F 0 5 0 15 3.69451e+06 118.987
W+1_RB4_10+F 0 1 0 0 5023.5 0.16179
W+1_RB3_10F 0 0 0 0 10040 0.541835
W+1_RB4_10-B 0 2 0 0 12166.4 0.419657
W+1_RB4_10+B 0 0 0 0 4269.34 0.147263
W+1_RB3_10B 1 0 0 0 9839.7 0.56873
W+1_RB2in_10F 0 0 0 0 22493.1 1.06453
W+1_RB2in_10C 0 0 0 0 18061.2 0.917224
W+1_RB2in_10B 0 0 0 0 13959.3 0.731957
W+1_RB2out_10F 0 0 0 0 33427.3 1.07658
W+1_RB1out_10F 0 0 0 0 180968 7.01667
W+1_RB1in_10F 0 0 0 0 93101.4 3.60981
W+1_RB2out_10B 0 0 0 0 28014.6 0.966312
W+1_RB1out_10B 0 0 0 0 92553.2 3.84335
W+1_RB1in_10B 0 0 0 0 59858.1 2.48566
W+1_RB4_11F 0 0 0 0 10231.8 0.412747
W+1_RB3_11F 1 1 0 0 12754.5 0.688332
W+1_RB4_11B 0 0 0 0 7758.27 0.335185
W+1_RB3_11B 0 0 0 0 10154.7 0.586939
W+1_RB2in_11F 0 0 0 0 19263.7 0.911693
W+1_RB2in_11C 0 1 0 0 14718.7 0.747475
W+1_RB2in_11B 0 0 0 0 8235.45 0.431827
W+1_RB2out_11F 0 0 0 0 37290.4 1.20099
W+1_RB1out_11F 0 0 0 0 143105 5.54858
W+1_RB1in_11F 0 0 0 0 176652 6.84933
W+1_RB2out_11B 0 1 0 0 27148.1 0.936425
W+1_RB1out_11B 12 0 0 1 111615 4.63491
W+1_RB1in_11B 0 0 0 0 115325 4.78896
W+1_RB4_12+F 0 0 0 0 132520 5.3458
W+1_RB3_12F 0 0 0 0 18747.4 1.01176
W+1_RB4_12+B 1 0 0 0 107550 4.64654
W+1_RB3_12B 1 0 0 0 13248.3 0.765743
W+1_RB2in_12F 0 0 0 0 88826.1 4.20387
W+1_RB2in_12C 0 0 0 0 91977.6 4.671
W+1_RB2in_12B 0 0 0 0 107749 5.64982
W+1_RB2out_12F 0 0 0 0 119893 3.86132
W+1_RB1out_12F 0 0 0 0 102125 3.95969
W+1_RB1in_12F 0 0 0 0 157335 6.10032
W+1_RB2out_12B 0 0 0 0 142119 4.90213
W+1_RB1out_12B 0 0 0 0 54430.6 2.26028
W+1_RB1in_12B 3 13 0 0 81911.3 3.40144
