323423  -61885899187
W-2_RB4_1+F 1 24 29 0 125259 5.05287
W-2_RB3_1F 0 0 0 0 13421.9 0.724349
W-2_RB4_1+B 7 17 29 0 121943 5.26839
W-2_RB3_1B 3 0 0 0 12473.3 0.72095
W-2_RB2out_1F 0 0 0 0 49649.6 2.34977
W-2_RB2out_1C 0 0 0 0 61122.5 3.10405
W-2_RB2out_1B 1 0 0 0 24724 1.2964
W-2_RB2in_1F 0 0 0 0 71038.4 2.2879
W-2_RB1out_1F 0 0 0 0 156671 6.07457
W-2_RB1in_1F 1 0 0 0 183308 7.10737
W-2_RB2in_1B 0 0 0 0 40269.3 1.38902
W-2_RB1out_1B 0 0 0 0 120824 5.01731
W-2_RB1in_1B 1 0 0 0 170788 7.09212
W-2_RB4_2+F 1 0 0 0 510092 20.5768
W-2_RB3_2F 6 6 32 0 5717.18 0.308543
W-2_RB4_2+B 1 0 0 0 396129 17.1142
W-2_RB3_2B 5 7 30 0 6917.65 0.399836
W-2_RB2out_2F 0 0 0 0 72631.2 3.43742
W-2_RB2out_2C 0 0 0 0 88787.8 4.50901
W-2_RB2out_2B 0 0 0 0 78327 4.10708
W-2_RB2in_2F 1 0 0 0 156448 5.03864
W-2_RB1out_2F 0 0 0 0 232496 9.01454
W-2_RB1in_2F 1 0 0 0 183709 7.12293
W-2_RB2in_2B 0 1 0 0 35606.3 1.22818
W-2_RB1out_2B 1 0 0 0 163738 6.79935
W-2_RB1in_2B 3 0 0 0 161682 6.71397
W-2_RB4_3+F 0 0 0 1 838704 33.8329
W-2_RB3_3F 6 13 23 0 8384.58 0.452497
W-2_RB4_3+B 0 0 0 22 1.62812e+06 70.3409
W-2_RB3_3B 1 21 42 0 3390.6 0.195975
W-2_RB2out_3F 1 0 0 0 46016.3 2.17781
W-2_RB2out_3C 0 0 0 0 58675.2 2.97977
W-2_RB2out_3B 0 0 0 0 28970.4 1.51906
W-2_RB2in_3F 1 7 0 0 73011.4 2.35144
W-2_RB1out_3F 0 0 0 0 199140 7.72125
W-2_RB1in_3F 0 0 0 0 304165 11.7934
W-2_RB2in_3B 0 0 0 0 58118.5 2.00469
W-2_RB1out_3B 0 0 0 0 188049 7.8089
W-2_RB1in_3B 0 0 0 0 325224 13.5052
W-2_RB4_10+F 0 0 0 0 13035.7 0.419836
W-2_RB4_10-F 0 0 0 0 15113.9 0.486767
W-2_RB3_10F 0 0 0 0 11135.3 0.600946
W-2_RB4_10+B 0 0 0 0 5686.94 0.196161
W-2_RB4_10-B 0 0 0 0 11023.8 0.380247
W-2_RB3_10B 0 0 0 0 6184.56 0.357464
W-2_RB2out_10F 0 0 0 0 48893.5 2.31398
W-2_RB2out_10C 0 2 0 0 55689.8 2.82815
W-2_RB2out_10B 0 0 0 0 37638.4 1.97357
W-2_RB2in_10F 0 0 0 0 42563 1.37081
W-2_RB1out_10F 0 0 0 0 179729 6.96862
W-2_RB1in_10F 0 4 0 0 448053 17.3723
W-2_RB2in_10B 0 0 0 0 37598.8 1.29691
W-2_RB1out_10B 0 4 0 0 133723 5.55298
W-2_RB1in_10B 0 0 0 0 182160 7.56433
W-2_RB4_11F 0 0 0 0 20003 0.806913
W-2_RB3_11F 1 0 0 0 13671.7 0.73783
W-2_RB4_11B 0 0 0 0 9128.95 0.394404
W-2_RB3_11B 1 0 0 0 14399.6 0.832289
W-2_RB2out_11F 1 0 0 0 43575.5 2.0623
W-2_RB2out_11C 0 0 0 0 63194.9 3.2093
W-2_RB2out_11B 0 0 0 0 26396.1 1.38408
W-2_RB2in_11F 0 0 0 0 83536.8 2.69043
W-2_RB1out_11F 0 0 0 0 227190 8.80882
W-2_RB1in_11F 0 0 0 0 250472 9.71153
W-2_RB2in_11B 1 0 0 0 63287 2.18297
W-2_RB1out_11B 7 0 0 0 183875 7.63556
W-2_RB1in_11B 11 14 0 0 195638 8.12403
W-2_RB4_12+F 0 0 0 0 195776 7.8975
W-2_RB3_12F 5 6 37 0 21356.1 1.15254
W-2_RB4_12+B 0 0 0 0 234442 10.1287
W-2_RB3_12B 0 24 25 0 14026.7 0.810735
W-2_RB2out_12F 0 0 0 0 50448.7 2.38758
W-2_RB2out_12C 0 0 0 0 57772.6 2.93393
W-2_RB2out_12B 0 0 0 0 28344 1.48622
W-2_RB2in_12F 0 1 0 0 95808.3 3.08565
W-2_RB1out_12F 0 2 2 0 150810 5.84734
W-2_RB1in_12F 0 0 0 0 321909 12.4814
W-2_RB2in_12B 0 0 0 0 67883 2.3415
W-2_RB1out_12B 0 1 1 0 146829 6.09718
W-2_RB1in_12B 0 0 0 0 255884 10.6258
