323423  -61885899187
W0_RB4_4+F 1 0 0 0 302310 16.315
W0_RB4_4-F 0 0 0 0 234937 12.679
W0_RB3_4F 6 6 33 0 5885.55 0.31763
W0_RB4_4+B 0 0 0 0 336882 19.4716
W0_RB4_4-B 0 0 0 0 240134 13.8796
W0_RB3_4B 0 2 40 0 6706.52 0.387633
W0_RB2in_4F 0 0 0 4 349582 16.5447
W0_RB2in_4C 0 0 0 0 13814.3 0.701548
W0_RB2in_4B 0 0 0 0 15990 0.838438
W0_RB2out_4F 0 0 0 0 13199.3 0.425104
W0_RB1out_4F 0 1 0 0 40409.7 1.5668
W0_RB1in_4F 0 0 0 0 33818.2 1.31123
W0_RB2out_4B 3 0 0 0 10854.5 0.374408
W0_RB1out_4B 1 1 0 0 37688.9 1.56506
W0_RB1in_4B 0 0 0 0 29927 1.24274
W0_RB4_5+F 0 0 0 0 351894 14.1952
W0_RB3_5F 0 0 0 0 11327 0.61129
W0_RB4_5+B 3 0 0 0 407628 17.611
W0_RB3_5B 0 0 0 0 9140.11 0.528293
W0_RB2in_5F 0 43 1 0 145838 6.90205
W0_RB2in_5C 0 0 0 0 11081.4 0.562758
W0_RB2in_5B 0 0 0 0 7179.69 0.376468
W0_RB2out_5F 0 0 0 0 17197.7 0.55388
W0_RB1out_5F 1 0 0 0 44312.6 1.71813
W0_RB1in_5F 0 0 0 0 187674 7.27665
W0_RB2out_5B 0 0 0 0 20188.5 0.696365
W0_RB1out_5B 1 0 0 0 80295 3.33432
W0_RB1in_5B 1 0 0 0 46210.1 1.91891
W0_RB4_6+F 0 0 0 0 210447 8.48934
W0_RB3_6F 1 0 0 0 6544.55 0.353195
W0_RB4_6+B 0 0 0 0 225170 9.72815
W0_RB3_6B 1 0 0 0 7557.22 0.436803
W0_RB2in_6F 2 0 0 0 17802.5 0.842539
W0_RB2in_6C 0 0 0 0 19182.9 0.974185
W0_RB2in_6B 0 0 0 0 17406.8 0.912725
W0_RB2out_6F 1 0 0 0 38716.6 1.24693
W0_RB1out_6F 1 0 0 0 42079.2 1.63153
W0_RB1in_6F 1 0 0 0 58498.2 2.26814
W0_RB2out_6B 2 0 0 0 29220 1.00789
W0_RB1out_6B 1 0 0 1 203132 8.4352
W0_RB1in_6B 0 0 0 0 42180.6 1.75159
W0_RB4_7+F 0 94 96 0 0 0
W0_RB3_7F 0 0 0 0 15460.8 0.834382
W0_RB4_7+B 0 95 96 0 0 0
W0_RB3_7B 0 0 0 0 10063.6 0.581672
W0_RB2in_7F 0 0 0 0 10574.7 0.500469
W0_RB2in_7C 0 0 0 0 9040.27 0.459102
W0_RB2in_7B 0 0 0 0 9757.2 0.51162
W0_RB2out_7F 1 1 0 0 17886.6 0.576065
W0_RB1out_7F 0 1 0 0 41588 1.61249
W0_RB1in_7F 0 0 0 0 29877.9 1.15845
W0_RB2out_7B 3 0 0 0 31458.4 1.0851
W0_RB1out_7B 0 0 0 0 35764.4 1.48514
W0_RB1in_7B 0 0 0 0 34490.2 1.43224
W0_RB4_8+F 0 0 0 0 90383.6 4.8778
W0_RB3_8F 7 1 1 0 13507.8 0.728988
W0_RB4_8+B 0 5 0 0 78350.8 4.52863
W0_RB3_8B 0 0 0 1 114468 6.61618
W0_RB2in_8F 0 0 0 0 25454.7 1.20469
W0_RB2in_8C 0 0 0 0 33063.4 1.6791
W0_RB2in_8B 0 0 0 0 15883.8 0.83287
W0_RB2out_8F 1 1 0 0 106690 3.43611
W0_RB1out_8F 0 0 0 0 41775.3 1.61975
W0_RB1in_8F 0 0 0 0 24619.1 0.954554
W0_RB2out_8B 0 0 0 0 27053.6 0.933167
W0_RB1out_8B 0 0 0 0 28135.9 1.16837
W0_RB1in_8B 0 0 0 0 20853.7 0.865969
W0_RB4_9F 0 0 0 0 8485.04 0.342282
W0_RB3_9F 0 0 0 0 10000.4 0.539698
W0_RB4_9B 3 0 0 0 10584.6 0.457293
W0_RB3_9B 0 0 0 0 11868.8 0.686011
W0_RB2in_9F 0 1 0 0 16458.6 0.778934
W0_RB2in_9C 0 0 0 0 12987.9 0.659579
W0_RB2in_9B 0 0 0 0 11401.9 0.597857
W0_RB2out_9F 0 1 1 0 16744.6 0.539284
W0_RB1out_9F 8 0 0 0 37766.3 1.46431
W0_RB1in_9F 1 1 0 0 76358.5 2.96064
W0_RB2out_9B 0 1 0 0 14948 0.515603
W0_RB1out_9B 1 0 0 0 29250 1.21463
W0_RB1in_9B 0 0 0 0 75516.7 3.13589
