323423  -61885899187
W-2_RB4_4+F 0 0 0 0 121394 6.55136
W-2_RB4_4-F 0 25 25 0 67111.7 3.62187
W-2_RB3_4F 3 0 0 0 206030 11.119
W-2_RB4_4+B 0 0 0 0 127351 7.36083
W-2_RB4_4-B 0 18 36 0 57251.8 3.30912
W-2_RB3_4B 0 0 0 0 14288.6 0.825876
W-2_RB2out_4F 0 0 0 0 47360.1 2.24141
W-2_RB2out_4C 0 0 0 0 40434.8 2.05345
W-2_RB2out_4B 8 0 0 0 34664.1 1.81761
W-2_RB2in_4F 0 0 0 0 65129.2 2.09759
W-2_RB1out_4F 1 0 0 0 229564 8.90086
W-2_RB1in_4F 0 0 0 0 252106 9.77487
W-2_RB2in_4B 0 0 0 0 57482.9 1.98277
W-2_RB1out_4B 1 6 0 1 332485 13.8067
W-2_RB1in_4B 0 0 0 0 209707 8.70828
W-2_RB4_5+F 0 96 33 0 0 0
W-2_RB3_5F 0 0 0 0 22662.6 1.22305
W-2_RB4_5+B 0 94 46 0 0 0
W-2_RB3_5B 2 0 0 0 18564.3 1.07301
W-2_RB2out_5F 0 0 0 0 80056.2 3.78882
W-2_RB2out_5C 0 0 0 0 80776.5 4.10216
W-2_RB2out_5B 1 0 0 0 50401.6 2.64281
W-2_RB2in_5F 0 0 0 0 81433.7 2.6227
W-2_RB1out_5F 1 0 0 0 162890 6.31573
W-2_RB1in_5F 0 0 0 0 255647 9.91216
W-2_RB2in_5B 0 0 0 0 75492.3 2.60397
W-2_RB1out_5B 2 0 0 0 149787 6.22004
W-2_RB1in_5B 4 0 0 1 398872 16.5635
W-2_RB4_6+F 0 0 0 0 351228 14.1684
W-2_RB3_6F 0 0 0 0 14896.8 0.803948
W-2_RB4_6+B 0 0 0 0 343026 14.82
W-2_RB3_6B 1 1 0 0 9676.97 0.559324
W-2_RB2out_6F 0 0 0 0 45212.9 2.13979
W-2_RB2out_6C 0 0 0 0 58532.3 2.97251
W-2_RB2out_6B 0 0 0 0 33814.5 1.77307
W-2_RB2in_6F 0 0 0 0 76784.8 2.47297
W-2_RB1out_6F 0 0 0 0 253030 9.81072
W-2_RB1in_6F 0 0 0 0 208256 8.0747
W-2_RB2in_6B 0 0 0 0 74482.9 2.56915
W-2_RB1out_6B 0 0 0 0 180474 7.49432
W-2_RB1in_6B 0 0 0 0 197808 8.21413
W-2_RB4_7+F 0 48 48 0 113561 4.581
W-2_RB3_7F 3 0 0 0 24642.6 1.32991
W-2_RB4_7+B 0 48 48 0 84235.6 3.63928
W-2_RB3_7B 0 1 1 0 23848.1 1.37841
W-2_RB2out_7F 0 0 0 0 35069.1 1.65971
W-2_RB2out_7C 1 0 0 0 36918.6 1.87488
W-2_RB2out_7B 0 0 0 0 20287.2 1.06376
W-2_RB2in_7F 0 0 7 0 57228.7 1.84314
W-2_RB1out_7F 0 1 1 0 164804 6.38991
W-2_RB1in_7F 1 0 0 0 234208 9.08091
W-2_RB2in_7B 0 0 0 0 54821.2 1.89096
W-2_RB1out_7B 0 0 0 0 135213 5.61482
W-2_RB1in_7B 0 0 0 0 252216 10.4735
W-2_RB4_8+F 0 35 6 0 50346 2.71706
W-2_RB3_8F 0 0 0 0 13935 0.752042
W-2_RB4_8+B 0 36 8 1 69246.1 4.00239
W-2_RB3_8B 0 0 0 0 11327.8 0.654741
W-2_RB2out_8F 0 0 0 0 69826.7 3.30469
W-2_RB2out_8C 1 0 0 0 117880 5.98642
W-2_RB2out_8B 0 0 0 0 39824.8 2.08822
W-2_RB2in_8F 0 0 0 0 101866 3.28076
W-2_RB1out_8F 0 0 0 0 125366 4.8608
W-2_RB1in_8F 1 0 0 0 163427 6.33653
W-2_RB2in_8B 0 0 0 0 97724.1 3.37082
W-2_RB1out_8B 0 0 0 0 113155 4.69886
W-2_RB1in_8B 0 0 0 0 170698 7.08839
W-2_RB4_9F 1 0 0 0 22269.8 0.898351
W-2_RB3_9F 0 0 0 0 14469.8 0.780902
W-2_RB4_9B 1 0 0 0 14563 0.629176
W-2_RB3_9B 1 0 0 0 7867.91 0.454761
W-2_RB2out_9F 0 0 0 0 25740.1 1.2182
W-2_RB2out_9C 0 0 0 0 27540 1.39859
W-2_RB2out_9B 1 0 0 0 22095.4 1.15858
W-2_RB2in_9F 0 0 0 0 97338.8 3.13495
W-2_RB1out_9F 0 0 0 0 186625 7.23601
W-2_RB1in_9F 1 0 0 0 181416 7.03404
W-2_RB2in_9B 0 0 0 0 76032.2 2.6226
W-2_RB1out_9B 1 0 0 0 141199 5.86342
W-2_RB1in_9B 0 0 0 0 158374 6.57662
