323423  -61885899187
RE+4_2_09 0 0 0 0 278507 23.4735
RE+4_2_10 0 0 0 0 270583 22.8057
RE+4_2_11 0 0 0 0 221056 18.6314
RE+4_3_09 0 2 0 1 361188 18.3277
RE+4_3_10 0 1 0 0 343042 17.407
RE+4_3_11 0 0 0 0 326963 16.591
RE+4_2_12 0 1 0 0 238740 20.1218
RE+4_2_13 0 0 0 0 303787 25.6042
RE+4_2_14 0 1 0 0 267193 22.52
RE+4_3_12 0 0 0 0 279069 14.1608
RE+4_3_13 0 0 0 0 265252 13.4596
RE+4_3_14 4 0 0 0 224456 11.3895
RE+4_2_15 0 1 0 0 187937 15.84
RE+4_2_16 0 0 0 0 192921 16.26
RE+4_2_17 0 0 0 0 149828 12.628
RE+4_3_15 0 0 0 0 184183 9.34596
RE+4_3_16 0 0 0 0 253983 12.8878
RE+4_3_17 0 0 0 0 207250 10.5165
RE+4_2_18 0 0 0 0 174026 14.6675
RE+4_2_19 0 1 0 0 164754 13.886
RE+4_2_20 0 0 0 0 172122 14.5071
RE+4_3_18 0 0 0 0 250307 12.7013
RE+4_3_19 0 0 0 0 239185 12.137
RE+4_3_20 1 0 0 0 236613 12.0064
RE+4_2_21 0 0 0 0 212698 17.9269
RE+4_2_22 96 0 0 0 0 0
RE+4_2_23 2 5 0 0 107967 9.09984
RE+4_3_21 0 0 0 0 245368 12.4507
RE+4_3_22 16 0 0 7 694331 35.2324
RE+4_3_23 0 0 0 0 144663 7.34063
RE+4_2_24 96 0 0 0 0 0
RE+4_2_25 0 0 0 0 208503 17.5733
RE+4_2_26 91 0 0 1 48931.8 4.12414
RE+4_3_24 0 0 0 0 115815 5.8768
RE+4_3_25 0 0 0 0 115648 5.8683
RE+4_3_26 96 0 0 0 0.505899 2.56708e-05
RE+3_2_09 0 0 0 0 118100 9.95385
RE+3_2_10 0 0 0 0 133895 11.2852
RE+3_2_11 0 0 0 0 127389 10.7368
RE+3_3_09 0 0 0 0 101998 5.17566
RE+3_3_10 0 0 0 0 122959 6.23928
RE+3_3_11 0 0 0 0 119472 6.06236
RE+3_2_12 0 1 0 0 94815 7.99134
RE+3_2_13 0 0 0 0 115490 9.73393
RE+3_2_14 0 0 0 0 136050 11.4668
RE+3_3_12 0 0 0 0 118063 5.99088
RE+3_3_13 0 0 0 0 100059 5.07726
RE+3_3_14 0 0 0 0 80545.8 4.08713
RE+3_2_15 0 0 0 0 120685 10.1717
RE+3_2_16 0 0 0 0 136587 11.5121
RE+3_2_17 0 0 0 0 136629 11.5155
RE+3_3_15 0 0 0 0 95362.8 4.83898
RE+3_3_16 1 0 0 0 113594 5.76409
RE+3_3_17 0 0 0 0 106522 5.40524
RE+3_2_18 0 0 0 0 115462 9.7315
RE+3_2_19 0 0 0 0 128676 10.8453
RE+3_2_20 0 0 0 0 120417 10.1492
RE+3_3_18 0 1 0 0 63905.8 3.24277
RE+3_3_19 0 0 0 0 51385.9 2.60747
RE+3_3_20 0 0 0 0 75878.6 3.8503
RE+3_2_21 0 0 0 0 90799.7 7.65291
RE+3_2_22 0 3 0 0 106618 8.98613
RE+3_2_23 0 0 0 0 108363 9.13319
RE+3_3_21 0 0 0 0 42614 2.16236
RE+3_3_22 0 0 0 0 69523.6 3.52783
RE+3_3_23 0 0 0 0 68900.4 3.49621
RE+3_2_24 0 0 0 0 72185.5 6.08404
RE+3_2_25 0 0 0 0 94223.5 7.94149
RE+3_2_26 0 0 0 0 111632 9.40872
RE+3_3_24 0 0 0 0 35565.3 1.80469
RE+3_3_25 0 0 0 0 68695 3.48579
RE+3_3_26 0 0 0 0 69378 3.52044
