323423  -61885899187
W+2_RB4_4-F 0 0 0 0 166517 8.98652
W+2_RB4_4+F 0 0 0 0 163946 8.84781
W+2_RB3_4F 0 0 0 0 24673.8 1.33159
W+2_RB4_4-B 0 0 0 0 147270 8.51212
W+2_RB4_4+B 0 0 0 0 125950 7.27984
W+2_RB3_4B 0 0 0 0 12848.4 0.742629
W+2_RB2out_4F 0 0 0 0 35185.5 1.66522
W+2_RB2out_4C 0 0 0 0 34207.2 1.73718
W+2_RB2out_4B 0 0 0 0 25724.1 1.34884
W+2_RB2in_4F 0 0 0 0 68573.9 2.20853
W+2_RB1out_4F 1 0 0 0 182150 7.06248
W+2_RB1in_4F 0 0 0 0 249106 9.65856
W+2_RB2in_4B 0 0 0 0 57423 1.98071
W+2_RB1out_4B 0 0 0 0 205433 8.53078
W+2_RB1in_4B 0 0 0 0 238837 9.9179
W+2_RB4_5+F 0 0 0 0 682854 27.546
W+2_RB3_5F 0 0 0 0 25272.5 1.3639
W+2_RB4_5+B 0 1 0 0 650751 28.1148
W+2_RB3_5B 0 0 0 0 18808.7 1.08713
W+2_RB2out_5F 0 1 0 0 62511.6 2.95849
W+2_RB2out_5C 0 0 0 0 56191.8 2.85365
W+2_RB2out_5B 1 0 0 0 38957.1 2.04272
W+2_RB2in_5F 0 0 0 0 73823.6 2.3776
W+2_RB1out_5F 0 0 0 0 288937 11.2029
W+2_RB1in_5F 0 0 0 0 260679 10.1073
W+2_RB2in_5B 0 0 0 1 91993.4 3.17315
W+2_RB1out_5B 4 0 0 0 230443 9.56935
W+2_RB1in_5B 0 0 0 0 272127 11.3003
W+2_RB4_6+F 0 0 0 0 422992 17.0633
W+2_RB3_6F 0 0 0 1 67415.8 3.63828
W+2_RB4_6+B 0 0 0 0 480974 20.7798
W+2_RB3_6B 0 0 0 0 27106.1 1.56672
W+2_RB2out_6F 8 0 0 0 45253.7 2.14172
W+2_RB2out_6C 0 0 0 0 55171 2.80181
W+2_RB2out_6B 0 0 0 0 55963 2.93442
W+2_RB2in_6F 0 0 0 0 59082.4 1.90284
W+2_RB1out_6F 0 0 0 0 192273 7.45499
W+2_RB1in_6F 0 0 0 0 225459 8.74171
W+2_RB2in_6B 0 0 0 0 61760.7 2.13032
W+2_RB1out_6B 1 0 0 0 172122 7.1475
W+2_RB1in_6B 0 0 0 0 267719 11.1172
W+2_RB4_7+F 0 0 0 0 667403 26.9227
W+2_RB3_7F 0 0 0 0 17373.3 0.937599
W+2_RB4_7+B 1 0 0 0 888962 38.4064
W+2_RB3_7B 0 0 0 0 15814.8 0.914088
W+2_RB2out_7F 0 0 0 0 36591.9 1.73179
W+2_RB2out_7C 0 0 0 0 46595.9 2.36633
W+2_RB2out_7B 0 1 0 0 19894.9 1.04319
W+2_RB2in_7F 0 0 0 0 67785 2.18312
W+2_RB1out_7F 0 0 0 0 217123 8.41849
W+2_RB1in_7F 0 0 0 0 334858 12.9834
W+2_RB2in_7B 0 0 0 0 52330.1 1.80503
W+2_RB1out_7B 0 0 0 0 234558 9.74022
W+2_RB1in_7B 0 0 0 0 293469 12.1865
W+2_RB4_8+F 0 36 34 0 160015 8.63564
W+2_RB3_8F 0 0 0 0 30078.4 1.62326
W+2_RB4_8+B 0 36 36 0 187266 10.8239
W+2_RB3_8B 0 0 0 0 35621.7 2.05892
W+2_RB2out_8F 0 0 0 0 13320.4 0.630416
W+2_RB2out_8C 0 0 0 0 19484.9 0.989524
W+2_RB2out_8B 0 0 0 0 18335.8 0.961439
W+2_RB2in_8F 0 0 0 0 69441.9 2.23648
W+2_RB1out_8F 0 0 0 0 241336 9.3573
W+2_RB1in_8F 0 0 0 0 408410 15.8352
W+2_RB2in_8B 0 0 0 0 34403.7 1.18669
W+2_RB1out_8B 0 10 0 3 535136 22.2219
W+2_RB1in_8B 0 0 0 0 394987 16.4022
W+2_RB4_9F 0 1 0 0 21584.2 0.870697
W+2_RB3_9F 0 0 0 0 16287.7 0.879011
W+2_RB4_9B 0 0 0 0 11968 0.517061
W+2_RB3_9B 0 0 0 0 17464.3 1.00943
W+2_RB2out_9F 0 0 0 0 49534.6 2.34432
W+2_RB2out_9C 0 0 0 0 60682.1 3.08169
W+2_RB2out_9B 0 0 0 0 32012.9 1.6786
W+2_RB2in_9F 0 0 0 0 112381 3.61942
W+2_RB1out_9F 0 0 0 0 279976 10.8555
W+2_RB1in_9F 0 0 0 0 449891 17.4436
W+2_RB2in_9B 0 0 0 0 66023.5 2.27736
W+2_RB1out_9B 1 0 0 0 205554 8.53582
W+2_RB1in_9B 0 0 0 0 238623 9.90902
