323423  -61885899187
W-1_RB4_1+F 43 0 0 0 362335 14.6164
W-1_RB3_1F 1 76 81 0 0 0
W-1_RB4_1+B 46 0 1 1 371290 16.0411
W-1_RB3_1B 0 84 80 0 0 0
W-1_RB2in_1F 0 0 0 0 21283.7 1.00729
W-1_RB2in_1C 0 1 0 0 29793.6 1.51304
W-1_RB2in_1B 0 0 0 0 9312.67 0.488311
W-1_RB2out_1F 0 0 0 0 28033.6 0.902867
W-1_RB1out_1F 0 0 0 0 95598.1 3.70662
W-1_RB1in_1F 1 0 0 0 129108 5.00591
W-1_RB2out_1B 0 4 0 0 21887 0.754954
W-1_RB1out_1B 0 0 0 0 62312 2.58756
W-1_RB1in_1B 0 0 0 0 66715.6 2.77042
W-1_RB4_2+F 2 39 88 0 0 0
W-1_RB3_2F 0 0 0 0 17197.3 0.928099
W-1_RB4_2+B 7 7 85 0 0 0
W-1_RB3_2B 0 0 0 0 18238.5 1.05417
W-1_RB2in_2F 0 0 0 0 43329.3 2.05064
W-1_RB2in_2C 0 0 0 0 42549.7 2.16085
W-1_RB2in_2B 0 1 0 0 22566.2 1.18326
W-1_RB2out_2F 1 0 0 0 23311.1 0.750769
W-1_RB1out_2F 0 0 0 0 161527 6.26287
W-1_RB1in_2F 0 0 0 0 172346 6.68236
W-1_RB2out_2B 0 1 1 0 13979.4 0.482195
W-1_RB1out_2B 0 1 0 0 181276 7.52764
W-1_RB1in_2B 1 0 0 0 142885 5.93342
W-1_RB4_3+F 0 0 0 0 291465 13.9266
W-1_RB3_3F 0 0 0 0 13896.2 0.888299
W-1_RB4_3+B 0 0 0 0 348802 18.0865
W-1_RB3_3B 1 0 0 0 12550.2 0.87062
W-1_RB2in_3F 0 0 0 0 35117.8 2.15531
W-1_RB2in_3C 0 0 0 0 52848.3 2.68385
W-1_RB2in_3B 0 0 0 0 18685.4 1.31262
W-1_RB2out_3F 0 0 0 0 24725.3 0.943224
W-1_RB1out_3F 1 1 0 0 138648 6.36756
W-1_RB1in_3F 1 0 0 0 127171 5.84044
W-1_RB2out_3B 0 4 0 0 17735.4 0.734225
W-1_RB1out_3B 2 0 0 0 74557.8 3.71592
W-1_RB1in_3B 3 0 0 0 84095.2 4.19127
W-1_RB4_10+F 0 0 0 0 14026.3 0.451738
W-1_RB4_10-F 0 1 0 0 7371.31 0.237404
W-1_RB3_10F 0 0 0 0 11592.7 0.625629
W-1_RB4_10+B 2 0 0 0 12107.8 0.417638
W-1_RB4_10-B 4 0 0 0 8154.45 0.281273
W-1_RB3_10B 1 0 0 0 13168.4 0.761125
W-1_RB2in_10F 0 0 0 0 13799.1 0.653069
W-1_RB2in_10C 0 0 0 0 11108.6 0.564139
W-1_RB2in_10B 0 0 0 0 10455 0.548206
W-1_RB2out_10F 0 0 0 0 37285.4 1.20083
W-1_RB1out_10F 0 0 0 0 102382 3.96965
W-1_RB1in_10F 0 0 0 0 158136 6.13141
W-1_RB2out_10B 0 0 0 0 28739.2 0.991307
W-1_RB1out_10B 0 0 0 0 59832.4 2.48459
W-1_RB1in_10B 0 0 0 0 105943 4.39937
W-1_RB4_11F 0 0 0 0 7639.99 0.308193
W-1_RB3_11F 39 3 1 1 231532 12.4952
W-1_RB4_11B 0 0 0 0 9157.62 0.395643
W-1_RB3_11B 39 23 0 0 104812 6.05805
W-1_RB2in_11F 0 0 0 0 22949.5 1.08613
W-1_RB2in_11C 0 0 0 0 23109.3 1.17358
W-1_RB2in_11B 0 0 0 0 9720.34 0.509687
W-1_RB2out_11F 0 0 0 0 34585.3 1.11387
W-1_RB1out_11F 0 0 0 0 138459 5.36846
W-1_RB1in_11F 0 0 0 0 174423 6.76291
W-1_RB2out_11B 0 0 0 0 21211.4 0.731651
W-1_RB1out_11B 0 0 0 0 97038.1 4.02959
W-1_RB1in_11B 0 0 0 0 135316 5.61912
W-1_RB4_12+F 0 0 0 0 117565 4.74251
W-1_RB3_12F 2 0 40 0 5661.69 0.305548
W-1_RB4_12+B 0 0 0 0 88902.4 3.84091
W-1_RB3_12B 3 0 39 0 4465.45 0.258101
W-1_RB2in_12F 0 0 0 0 27470.8 1.30011
W-1_RB2in_12C 0 0 0 0 25459.8 1.29295
W-1_RB2in_12B 1 0 0 0 17484.7 0.91681
W-1_RB2out_12F 0 0 0 0 21579.8 0.695011
W-1_RB1out_12F 7 0 0 0 77446.7 3.00283
W-1_RB1in_12F 0 0 0 0 149132 5.7823
W-1_RB2out_12B 0 0 0 0 17983.1 0.620295
W-1_RB1out_12B 0 0 0 0 53089.6 2.20459
W-1_RB1in_12B 0 0 0 0 92183.9 3.82801
