323423  -61885899187
W+1_RB4_4-F 14 43 30 0 0 0
W+1_RB4_4+F 40 17 18 0 0 0
W+1_RB3_4F 0 0 0 0 9014.88 0.576267
W+1_RB4_4-B 19 47 21 0 0 0
W+1_RB4_4+B 58 8 9 0 0 0
W+1_RB3_4B 1 1 0 0 8567.88 0.594364
W+1_RB2in_4F 0 0 0 0 31184.9 1.91394
W+1_RB2in_4C 0 0 0 0 45199.9 2.29544
W+1_RB2in_4B 2 43 0 15 1.08896e+06 76.4978
W+1_RB2out_4F 0 1 0 0 18608.4 0.709875
W+1_RB1out_4F 1 0 0 0 105845 4.86105
W+1_RB1in_4F 1 0 0 0 122961 5.64709
W+1_RB2out_4B 1 1 0 0 13997.7 0.57949
W+1_RB1out_4B 3 0 0 0 52168.2 2.60004
W+1_RB1in_4B 0 1 0 0 120153 5.98838
W+1_RB4_5+F 1 0 0 0 545644 22.011
W+1_RB3_5F 0 0 0 0 13052.5 0.704414
W+1_RB4_5+B 0 0 0 0 491848 21.2496
W+1_RB3_5B 1 0 0 0 10829.2 0.625922
W+1_RB2in_5F 1 0 0 0 37711.6 1.78477
W+1_RB2in_5C 0 0 0 0 41346.7 2.09976
W+1_RB2in_5B 0 0 0 0 24444.5 1.28175
W+1_RB2out_5F 0 0 0 0 27476.1 0.884911
W+1_RB1out_5F 1 0 0 0 85359.9 3.30965
W+1_RB1in_5F 0 0 0 0 203323 7.88343
W+1_RB2out_5B 0 0 0 0 21663.7 0.747252
W+1_RB1out_5B 0 0 0 0 89360.8 3.71078
W+1_RB1in_5B 0 0 0 0 161852 6.72105
W+1_RB4_6+F 0 0 0 0 466967 18.8372
W+1_RB3_6F 0 0 0 0 31472 1.69847
W+1_RB4_6+B 0 0 0 0 492302 21.2693
W+1_RB3_6B 0 0 0 0 16609.5 0.96002
W+1_RB2in_6F 0 0 0 0 61039.7 2.88882
W+1_RB2in_6C 0 0 0 0 66042.8 3.35392
W+1_RB2in_6B 1 0 0 0 24716.7 1.29602
W+1_RB2out_6F 0 0 0 0 29937.3 0.964176
W+1_RB1out_6F 0 0 0 0 137310 5.32389
W+1_RB1in_6F 0 0 0 7 2.7262e+06 105.703
W+1_RB2out_6B 0 0 0 0 16891.3 0.582634
W+1_RB1out_6B 0 0 0 0 94993 3.94466
W+1_RB1in_6B 0 0 0 0 71156.5 2.95483
W+1_RB4_7+F 0 0 0 0 391121 15.7776
W+1_RB3_7F 2 0 0 0 19693.2 1.0628
W+1_RB4_7+B 1 0 0 0 359559 15.5343
W+1_RB3_7B 0 0 0 0 21784.9 1.25916
W+1_RB2in_7F 0 0 0 0 19722.9 0.933426
W+1_RB2in_7C 0 0 0 0 18797.6 0.95462
W+1_RB2in_7B 0 0 0 0 10483.5 0.549703
W+1_RB2out_7F 0 0 0 0 21321.4 0.68669
W+1_RB1out_7F 0 1 0 0 78956.7 3.06138
W+1_RB1in_7F 1 0 0 0 157128 6.09231
W+1_RB2out_7B 0 0 0 0 11834.4 0.408205
W+1_RB1out_7B 0 0 0 1 157716 6.54927
W+1_RB1in_7B 0 0 0 0 78603.9 3.26409
W+1_RB4_8+F 1 0 0 1 370738 20.0079
W+1_RB3_8F 1 0 0 1 69753.4 3.76443
W+1_RB4_8+B 0 0 0 0 359202 20.7617
W+1_RB3_8B 1 0 0 0 30316.7 1.75229
W+1_RB2in_8F 0 0 0 0 26606 1.25918
W+1_RB2in_8C 0 0 0 0 22789.8 1.15736
W+1_RB2in_8B 1 0 0 0 14332.7 0.751535
W+1_RB2out_8F 0 1 0 0 42681.7 1.37463
W+1_RB1out_8F 1 0 0 0 151495 5.8739
W+1_RB1in_8F 0 0 0 0 134115 5.20002
W+1_RB2out_8B 0 0 0 0 34723.1 1.19771
W+1_RB1out_8B 0 0 0 0 94832.5 3.938
W+1_RB1in_8B 2 0 0 0 140801 5.84688
W+1_RB4_9F 0 0 0 0 26807 1.08138
W+1_RB3_9F 1 13 0 0 7595.24 0.409897
W+1_RB4_9B 0 0 0 0 30136.8 1.30202
W+1_RB3_9B 7 0 0 0 7765.93 0.448867
W+1_RB2in_9F 0 0 0 0 7917.01 0.374688
W+1_RB2in_9C 0 0 0 0 7261.66 0.368777
W+1_RB2in_9B 0 0 0 0 6230.97 0.326721
W+1_RB2out_9F 0 0 0 0 31790.9 1.02388
W+1_RB1out_9F 2 0 0 0 143946 5.5812
W+1_RB1in_9F 0 0 0 0 200975 7.7924
W+1_RB2out_9B 0 0 0 0 17695.4 0.610372
W+1_RB1out_9B 1 0 0 0 99079.9 4.11438
W+1_RB1in_9B 1 0 0 0 121194 5.03269
