323423  -61885899187
W-1_RB4_4+F 70 0 2 0 0 0
W-1_RB4_4-F 1 0 0 0 268395 14.4847
W-1_RB3_4F 0 0 0 0 85372.5 4.60736
W-1_RB4_4+B 72 0 0 0 0 0
W-1_RB4_4-B 0 0 0 0 290466 16.7888
W-1_RB3_4B 0 0 0 0 74002.3 4.27729
W-1_RB2in_4F 0 0 0 0 34318.6 1.62419
W-1_RB2in_4C 0 0 0 0 13174.1 0.669035
W-1_RB2in_4B 1 0 0 0 10066.6 0.527844
W-1_RB2out_4F 1 16 70 0 0 0
W-1_RB1out_4F 0 0 0 0 61232.4 2.37416
W-1_RB1in_4F 2 0 0 0 183227 7.10424
W-1_RB2out_4B 14 7 66 0 0 0
W-1_RB1out_4B 7 0 0 0 255.894 0.0106262
W-1_RB1in_4B 1 0 0 0 106017 4.40246
W-1_RB4_5+F 0 2 95 0 0 0
W-1_RB3_5F 0 0 0 0 13967.8 0.753809
W-1_RB4_5+B 17 0 79 0 0 0
W-1_RB3_5B 1 0 0 0 13393.7 0.774149
W-1_RB2in_5F 0 1 1 0 20717.9 0.980516
W-1_RB2in_5C 0 0 0 0 12711.3 0.645534
W-1_RB2in_5B 0 0 0 0 8247.77 0.432473
W-1_RB2out_5F 0 0 0 0 28084.4 0.904502
W-1_RB1out_5F 0 0 0 0 109195 4.2338
W-1_RB1in_5F 0 0 0 0 129930 5.03775
W-1_RB2out_5B 0 0 0 0 17646.2 0.608676
W-1_RB1out_5B 0 0 0 0 73651.5 3.05844
W-1_RB1in_5B 0 0 0 0 74678 3.10106
W-1_RB4_6+F 0 23 0 23 1.31922e+06 53.2166
W-1_RB3_6F 0 0 0 0 7214.79 0.389366
W-1_RB4_6+B 0 14 0 33 1.93576e+06 83.6321
W-1_RB3_6B 1 1 1 0 5748.53 0.332262
W-1_RB2in_6F 0 0 0 0 38038.4 1.80024
W-1_RB2in_6C 0 0 0 0 41116.4 2.08806
W-1_RB2in_6B 8 0 0 0 23603.2 1.23763
W-1_RB2out_6F 0 0 0 0 24259.3 0.781307
W-1_RB1out_6F 0 0 0 0 136334 5.28609
W-1_RB1in_6F 0 0 0 0 148045 5.74012
W-1_RB2out_6B 0 1 0 0 19196.3 0.662141
W-1_RB1out_6B 1 0 0 0 58787.8 2.44121
W-1_RB1in_6B 0 0 0 0 87040.8 3.61444
W-1_RB4_7+F 0 96 81 0 0 0
W-1_RB3_7F 0 0 0 0 7111.01 0.383765
W-1_RB4_7+B 0 96 96 0 0 0
W-1_RB3_7B 0 0 0 0 9121.56 0.527221
W-1_RB2in_7F 0 0 0 0 18092.4 0.856258
W-1_RB2in_7C 0 0 0 0 12121.6 0.615587
W-1_RB2in_7B 1 0 0 0 6975.24 0.365747
W-1_RB2out_7F 84 0 0 0 12.1802 0.000392283
W-1_RB1out_7F 0 0 0 0 117596 4.55953
W-1_RB1in_7F 0 0 0 0 113460 4.39917
W-1_RB2out_7B 84 0 0 0 2.41975 8.3465e-05
W-1_RB1out_7B 0 0 0 0 76612.5 3.1814
W-1_RB1in_7B 0 0 0 0 70323.2 2.92023
W-1_RB4_8+F 1 82 83 0 0 0
W-1_RB3_8F 1 0 0 0 20076.6 1.08349
W-1_RB4_8+B 0 84 83 0 0 0
W-1_RB3_8B 0 0 0 0 11915.4 0.688706
W-1_RB2in_8F 0 1 0 0 25665.6 1.21467
W-1_RB2in_8C 0 0 0 0 23614.6 1.19925
W-1_RB2in_8B 1 0 0 0 17804.7 0.933589
W-1_RB2out_8F 0 0 0 0 49440.7 1.59231
W-1_RB1out_8F 0 1 0 0 112240 4.35186
W-1_RB1in_8F 0 0 0 0 183490 7.11445
W-1_RB2out_8B 0 4 4 0 22639.4 0.780905
W-1_RB1out_8B 0 0 0 0 101414 4.21131
W-1_RB1in_8B 8 1 0 0 86959.3 3.61106
W-1_RB4_9F 0 0 0 0 17394 0.701665
W-1_RB3_9F 0 10 10 0 8080.92 0.436109
W-1_RB4_9B 1 0 0 0 17087.6 0.738245
W-1_RB3_9B 1 0 0 0 10146.4 0.586456
W-1_RB2in_9F 0 0 0 0 26180.7 1.23906
W-1_RB2in_9C 1 3 0 0 19158.5 0.972947
W-1_RB2in_9B 0 0 0 0 11521.9 0.604153
W-1_RB2out_9F 0 0 0 0 34158.5 1.10013
W-1_RB1out_9F 0 0 0 0 163282 6.33093
W-1_RB1in_9F 0 0 0 0 173116 6.7122
W-1_RB2out_9B 0 1 0 0 14556.9 0.502113
W-1_RB1out_9B 0 0 0 0 99294.9 4.1233
W-1_RB1in_9B 0 0 0 0 87331.2 3.6265
