323423  -61885899187
RE-4_2_33 0 1 0 0 151268 12.7494
RE-4_2_34 0 2 0 0 150693 12.701
RE-4_2_35 0 1 0 1 189239 15.9497
RE-4_3_33 0 0 0 0 166198 8.43336
RE-4_3_34 0 0 0 0 220629 11.1954
RE-4_3_35 1 1 0 0 202608 10.2809
RE-4_2_36 0 2 0 0 161170 13.584
RE-4_2_01 0 1 0 0 176793 14.9007
RE-4_2_02 0 1 0 0 189399 15.9632
RE-4_3_36 0 1 0 0 225465 11.4408
RE-4_3_01 3 1 0 0 220578 11.1928
RE-4_3_02 0 0 0 0 221972 11.2635
RE-4_2_03 0 1 0 0 170061 14.3333
RE-4_2_04 0 1 0 0 192609 16.2338
RE-4_2_05 0 2 0 0 175439 14.7866
RE-4_3_03 1 0 0 0 227429 11.5404
RE-4_3_04 0 0 0 0 218442 11.0844
RE-4_3_05 0 1 0 0 202232 10.2618
RE-4_2_06 0 1 0 0 199918 16.8498
RE-4_2_07 0 0 0 0 212684 17.9258
RE-4_2_08 0 1 0 0 207056 17.4514
RE-4_3_06 0 1 0 0 212987 10.8076
RE-4_3_07 0 0 0 0 269959 13.6985
RE-4_3_08 0 0 0 0 187362 9.50731
RE-4_2_27 0 0 0 0 165618 13.9588
RE-4_2_28 0 1 0 0 203223 17.1283
RE-4_2_29 0 2 0 0 175934 14.8284
RE-4_3_27 0 0 0 0 200984 10.1985
RE-4_3_28 0 0 0 0 215435 10.9318
RE-4_3_29 0 0 0 0 195313 9.91075
RE-4_2_30 0 6 0 0 82844.9 6.98246
RE-4_2_31 0 2 0 0 154377 13.0114
RE-4_2_32 0 1 0 0 152368 12.8421
RE-4_3_30 0 3 0 0 165355 8.3906
RE-4_3_31 0 2 0 0 119054 6.04117
RE-4_3_32 0 1 0 0 135705 6.88609
RE-3_2_33 0 1 0 0 108139 9.11433
RE-3_2_34 0 0 0 0 102969 8.67861
RE-3_2_35 0 0 0 0 88726.6 7.47819
RE-3_3_33 0 0 0 0 62825.6 3.18795
RE-3_3_34 0 0 0 0 60458.9 3.06786
RE-3_3_35 0 0 0 0 69270.5 3.51499
RE-3_2_36 0 0 0 0 93470.9 7.87805
RE-3_2_01 1 0 0 0 95161 8.0205
RE-3_2_02 1 0 0 0 107118 9.02832
RE-3_3_36 0 0 0 0 70767.8 3.59096
RE-3_3_01 0 0 0 0 60231 3.05629
RE-3_3_02 0 0 0 0 76030.4 3.858
RE-3_2_03 0 1 0 0 101623 8.56514
RE-3_2_04 0 1 0 0 95566.3 8.05466
RE-3_2_05 0 0 0 0 98180.6 8.27501
RE-3_3_03 0 0 0 0 76271.6 3.87024
RE-3_3_04 0 1 0 0 72185.8 3.66292
RE-3_3_05 1 0 0 0 72191.4 3.6632
RE-3_2_06 0 0 0 0 105448 8.88752
RE-3_2_07 0 1 0 0 88476.5 7.45711
RE-3_2_08 0 0 0 0 131864 11.114
RE-3_3_06 0 1 0 0 108959 5.52889
RE-3_3_07 0 0 0 0 48935.9 2.48315
RE-3_3_08 0 0 0 0 72697.4 3.68888
RE-3_2_27 0 0 0 0 87366.9 7.36359
RE-3_2_28 1 0 0 0 111840 9.42627
RE-3_2_29 0 1 0 0 79493.7 6.70001
RE-3_3_27 0 0 0 0 51374.1 2.60687
RE-3_3_28 0 0 0 0 27844.5 1.41291
RE-3_3_29 0 0 0 0 46932.6 2.3815
RE-3_2_30 1 0 0 0 53042.5 4.47061
RE-3_2_31 0 0 0 0 110909 9.34776
RE-3_2_32 1 1 0 0 100589 8.47801
RE-3_3_30 0 1 0 0 57741.5 2.92997
RE-3_3_31 0 0 0 0 43471.9 2.20589
RE-3_3_32 0 2 0 0 38383.9 1.94771
